data/snohomish_elev_100m_gdalwarp.asc
ncols        893
nrows        908
xllcorner    555765.000000000000
yllcorner    5244985.000000000000
cellsize     100.000000000000
NODATA_value 0
[rows 360 to 399 of 908, columns 540 to 629 of 893]
9272 9126 9276 9157 8720 8005 7269 6461 5921 5519 4781 4282 3668 3030 2831 2630 2310 2166 2173 2231 2401 2592 2841 3076 3203 3748 4463 4508 4601 4760 5197 5850 6359 6747 7429 7922 8295 8781 9041 9335 9662 10009 10475 11170 11555 12008 12705 13113 12819 13175 13200 13283 12752 12260 12007 11447 10870 10278 9427 8980 8446 7677 7186 7124 6577 6152 5675 5137 5086 5108 5380 5607 5969 6459 6967 7324 7920 8450 8956 9431 9730 10194 11002 11488 11928 12558 12928 13240 13352 13532
8837 8980 9015 9112 8784 8164 7519 6627 6067 5549 4815 4321 3866 3141 2801 2587 2346 2211 2139 2179 2346 2555 2922 3223 3403 3812 4253 5032 5670 6007 6139 6289 6339 6452 7201 7704 8070 8504 8784 9060 9482 9937 10545 11335 11969 12460 13045 13539 13268 13502 13722 13990 13655 13595 13385 12328 11390 10567 9756 9152 8575 8079 7940 7651 7037 6527 6034 5412 5155 5145 5242 5442 5730 6171 6396 6835 7380 7925 8346 9005 9347 9667 10485 11042 11708 12247 12473 12624 12588 12747
8509 8701 8872 8956 8806 8246 7705 6834 6179 5607 4815 4321 3928 3236 2905 2501 2309 2186 2135 2156 2204 2494 2841 3157 3400 3823 4186 4707 5532 6192 6577 6907 7047 7102 7437 7766 8017 8144 8345 8620 9182 9799 10420 11255 11850 12355 13112 13628 13928 13620 13902 14208 14350 14433 14023 12595 11540 10677 9982 9347 8842 8649 8280 7901 7410 6806 6281 5650 5295 5346 5164 5422 5624 6010 6296 6532 7042 7474 7920 8654 8947 9332 9926 10654 11139 11844 11990 12120 12089 12197
8664 8856 8875 8897 8735 8460 7906 6966 6272 5685 4935 4411 4002 3521 3058 2521 2245 2161 2111 2158 2235 2484 2881 3253 3411 3767 4038 4360 4863 5311 5732 6167 6630 6980 7360 7631 7722 7707 7852 8255 8751 9187 10014 11087 11769 12375 13037 13602 14094 13763 14052 14470 14552 14079 13530 12400 11500 10928 10191 9766 9421 9060 8576 8122 7560 7162 6647 5957 5485 5517 5222 5295 5416 5765 6021 6317 6640 6981 7459 8116 8612 9027 9677 10119 10679 11145 11280 11470 11594 11780
9019 8982 8914 8762 8790 8585 8317 7275 6489 5809 5021 4486 4003 3137 2796 2396 2180 2131 2104 2161 2200 2441 2730 3138 3501 4210 4563 4785 5028 5375 5690 6077 6359 6720 6972 7097 7192 7417 7592 7947 8382 8874 9542 10630 11440 11864 12930 13800 14308 14795 14684 14524 13687 13240 12939 12210 11589 11080 10735 10423 10328 9406 9042 8549 7905 7449 6957 6342 5862 5681 5372 5246 5276 5459 5751 6030 6320 6652 7044 7620 8050 8571 9162 9631 9882 10235 10465 10620 11017 11255
9377 9121 8832 8741 8870 8514 8432 7437 6647 5891 5072 4558 3988 3012 2515 2319 2163 2115 2100 2193 2266 2423 2612 2991 3341 4165 4947 5500 6040 6232 6627 6946 7157 7182 7301 7266 7306 7461 7392 7609 8070 8610 9157 10164 10452 11304 12408 13357 13640 14690 15528 15135 14177 13559 13007 12355 11965 11530 11250 11037 10567 9752 9092 8471 7844 7524 7172 6662 6362 5994 5521 5345 5305 5397 5580 5862 6207 6457 6785 7320 7677 8022 8731 9087 9342 9596 9807 10185 10350 10590
9532 9256 8802 8712 8622 8606 8520 7509 6722 5999 5118 4538 3993 3085 2536 2331 2154 2098 2111 2294 2393 2460 2558 2862 3275 4231 5028 5621 6359 6736 7192 7904 7965 7912 7912 7899 7984 7959 7722 7487 7800 8317 8829 9536 10375 11148 11859 12909 13548 14110 14628 15430 14783 13990 13278 12780 12455 12127 11685 11004 10417 9492 8941 8507 7920 7707 7346 7179 7031 6387 5799 5487 5359 5356 5532 5776 6127 6296 6614 7014 7334 7695 8111 8619 8882 9087 9202 9539 9869 9997
9675 9194 8742 8662 8695 8706 8444 7606 6775 6067 5147 4573 3968 3118 2528 2283 2131 2075 2131 2384 2484 2546 2647 2818 3130 4408 5022 5521 6162 6730 7287 8119 8635 9432 9722 9700 9445 8566 8012 7615 7860 8190 8455 9327 9872 10453 11352 12028 12835 13492 13829 14388 15350 14703 14334 14630 14200 13374 12938 11718 10973 10004 9564 8927 8327 7891 7566 7632 7694 7244 6442 6024 5635 5431 5520 5637 6016 6235 6447 6847 6886 7184 7617 8012 8329 8450 8714 8866 9079 9180
9461 8867 8592 8539 8760 8501 8242 7560 6802 6061 5142 4590 3977 3123 2484 2201 2104 2061 2148 2416 2524 2616 2788 2970 3260 4336 4916 5312 6172 6800 7395 8332 9142 10818 10790 10449 9735 8775 8197 7711 7752 8106 8437 8944 9459 10121 11114 11470 11952 13014 13847 14645 15785 15450 15140 15274 14377 13597 12509 11844 11060 10349 9897 9391 8839 8290 7907 8087 8002 7647 7005 6355 5902 5490 5502 5750 6096 6214 6435 6340 6755 6771 7266 7601 7940 7985 8289 8475 8617 8694
8867 8522 8481 8796 8630 8391 8065 7427 6751 6034 5001 4388 3888 2958 2391 2146 2046 2066 2310 2406 2582 2718 2965 3167 3407 4092 4638 5093 5942 6597 7207 8402 9610 11085 11355 10795 10007 8989 8471 7925 7846 8070 8402 8881 9279 9897 10974 11594 12157 12924 13655 14495 14854 15599 15794 14525 13839 13370 12547 11715 11182 10603 10217 9624 9325 9206 8955 8675 8412 8102 7452 6850 6227 5700 5474 5809 6120 6142 6176 6569 6921 7195 7297 7327 7590 7636 7906 8075 8139 8207
8226 8427 8377 8442 8415 8115 7830 7101 6462 5690 4373 3823 3143 2494 2206 2026 2121 2303 2411 2563 2677 2738 3068 3281 3582 4040 4448 4772 5579 6302 7032 8065 8781 9724 10378 11065 10755 9576 9022 8610 8387 8302 8321 8566 9102 9614 10555 11007 11475 11928 12297 13190 14273 15037 16204 15399 14728 13920 12607 12135 11515 11147 10715 10568 10250 9851 9687 9634 9206 8672 8149 7547 6721 5996 5677 5687 5992 6121 6246 6585 6851 7361 7767 7611 7425 7479 7582 7637 7669 7747
7971 7897 7932 8071 8057 7882 7452 6701 6106 5187 3928 3343 2702 2331 2068 2051 2236 2356 2430 2676 2846 2968 3193 3353 3690 4281 4735 5280 5822 6337 7007 8202 8902 9407 10587 11250 11587 10300 9636 9107 8677 8539 8429 8501 8762 9226 9985 10334 10729 11829 12680 13292 13949 14630 15150 15107 14329 13614 12710 12429 12103 11670 11324 11112 10767 10555 10500 10504 9817 9296 8576 7835 7152 6276 5969 5779 6031 6160 6292 6629 6995 7486 7937 7857 7649 7656 7567 7597 7665 7722
7699 7544 7552 7762 7685 7460 6981 6322 5617 4496 3360 2926 2466 2231 2005 2076 2280 2368 2528 2761 3027 3167 3268 3571 3931 4695 5234 5642 6471 7095 7467 7937 8292 9112 10269 11063 11995 11242 10179 9544 8822 8685 8502 8544 8791 9149 9665 10037 10580 11584 12158 12699 13508 13994 14643 15088 14250 13804 13285 12924 12520 12095 11895 11672 11210 11240 11468 11439 10812 10300 8982 7916 7331 6697 6354 5972 5999 6126 6317 6697 7165 7587 8089 8077 8012 8040 7869 7805 7802 7901
7315 7451 7450 7354 7047 6842 6349 5440 4477 3736 2713 2465 2318 1995 1996 2105 2268 2458 2578 2798 3013 3201 3566 3872 4310 5161 5786 6387 7347 7837 8237 9044 9252 9700 10250 10702 11368 11685 10877 10182 9427 9022 8744 8737 8852 9036 9407 9921 10490 11428 11905 12365 13167 13720 14263 15248 14838 14378 13935 13690 13517 12943 12842 12498 12448 12375 12384 13170 11915 10720 8947 7981 7449 6881 6487 6165 5924 6065 6241 6817 7317 7820 8490 8595 8545 8590 8532 8557 8451 8440
6837 6862 6875 6829 6535 6372 5987 4758 3945 3003 2489 2344 2131 1978 1990 2114 2271 2491 2666 2928 3168 3393 3628 4027 4488 5152 5727 6597 7922 8487 9020 9907 10085 10478 11068 11743 12205 12230 11290 10675 9762 9322 9129 9017 9151 9137 9727 10187 10605 11205 11920 12640 13262 13608 14054 14619 15220 14730 14390 14245 13884 13570 13495 13288 13019 12985 13345 13002 11544 10202 8816 8087 7516 6825 6397 6151 5972 6082 6387 6952 7442 7896 8744 9044 8989 9322 9255 9174 8967 8934
6224 6262 6307 6279 6066 5807 5492 4307 3435 2637 2381 2211 1973 1969 1986 2064 2408 2524 2716 3040 3355 3642 3798 4071 4595 5250 5874 6706 7886 8602 9340 9980 10488 11150 11888 12474 13237 12804 12384 11540 10759 10136 9720 9556 9739 9992 10573 10949 11487 12042 12383 12799 13280 13657 13885 14165 14885 15028 14820 14612 14502 14254 14067 13873 13704 13752 14153 14018 13538 11585 9234 8286 7577 6875 6491 6210 6054 6162 6462 7027 7511 8022 8992 9577 9587 9707 10109 10062 9794 9632
5282 5461 5537 5544 5372 5101 4533 3493 2718 2438 2251 2093 1956 1958 1996 2111 2393 2436 2544 2953 3502 3978 4115 4175 4430 5170 5937 6699 7577 7957 8375 9182 9605 10678 11895 12770 13464 14282 14040 13090 12232 11480 11089 10935 10823 10925 11349 11580 11963 12445 12850 13119 13554 13885 14479 15022 15214 15240 15230 15225 15134 14880 14802 14847 14824 14770 14122 13342 12340 11544 9597 8630 7692 7025 6597 6477 6217 6260 6546 7217 7441 8217 9277 10189 10478 10660 10908 10890 10655 10477
4663 4842 4902 4965 4658 4363 3838 2755 2489 2330 2051 1951 1951 1953 2008 2068 2255 2411 2476 2845 3358 3845 4345 4608 4668 4930 5514 6051 6752 7330 8037 8331 9115 10319 11477 12284 12759 13750 14498 14182 13324 12275 11710 11570 11499 11633 11788 12097 12362 12688 13070 13382 13738 14183 14633 15483 15699 15713 15743 15814 15837 15434 15374 14822 14020 13485 12915 12250 11663 10898 9665 8992 8066 7129 6796 6609 6359 6286 6497 7284 7739 8412 9572 10565 11030 11298 11395 11335 11028 10965
4118 4158 4223 4175 3875 3660 2965 2521 2341 2208 1935 1951 1941 1970 2021 2076 2211 2315 2426 2812 3463 4262 4743 5071 5272 5612 5994 6269 6490 6717 7157 8200 9022 9676 10884 11627 12098 13082 13617 14778 14044 13264 12265 12048 12060 12167 12282 12442 12754 13130 13327 13668 14070 14477 15050 15912 16273 16365 16170 16254 16298 15984 15245 14463 13693 13173 12675 11845 11200 10698 9591 8590 7975 7186 6912 6697 6496 6339 6564 7310 8020 8671 9592 10484 11055 11453 11604 11693 11468 11458
2965 2968 2938 2843 2743 2551 2425 2325 2114 1926 1924 1956 1969 2006 2041 2088 2245 2404 2827 3421 4028 4502 5149 5639 6091 6542 6887 7341 7655 7809 7799 8030 8291 8817 9601 10395 11380 12048 12730 13390 14015 14175 13188 12778 12800 12805 12980 12990 13270 13578 13788 14095 14559 15093 15560 16150 17208 16957 16705 16694 16445 15508 14873 14375 13658 13144 12757 12048 11425 10844 10012 9600 8632 7605 7242 6877 6616 6444 6537 7050 7777 8514 9567 10400 10920 11288 11487 11690 11924 11957
2336 2330 2326 2315 2286 2226 2173 2069 1925 1893 1964 1978 1996 2034 2061 2145 2281 2663 3330 3846 4230 4543 4973 5440 6107 6717 7047 7507 8316 8564 8609 8845 9087 9349 9982 10299 10610 11505 12202 12834 13779 14242 14100 13379 13250 13305 13413 13515 13799 14038 14257 14548 14924 15318 15769 16382 16988 17390 17240 16774 16180 15380 14904 14474 13784 13280 12943 12204 11607 11035 10001 9336 8787 7814 7360 7072 6679 6467 6530 6912 7354 8017 8919 9622 10318 11000 11340 11573 11823 11987
1898 1890 1895 1913 1925 1918 1916 1900 1881 1909 1958 1976 2011 2066 2111 2193 2341 3158 3560 3987 4098 4303 4722 5224 5774 6425 6887 7521 8426 9052 9347 9420 9847 10330 10805 10993 11299 11834 12419 13037 13699 14039 14777 13804 13655 13710 13935 14107 14322 14604 14850 15115 15593 15998 16188 16593 17144 17558 17555 16935 16265 15545 14984 14508 13862 13479 13088 12450 11590 11039 10324 9582 9099 8552 7864 7437 6817 6525 6511 6690 7100 7589 8379 8957 9760 10660 11084 11368 11740 11994
1806 1811 1829 1821 1830 1840 1851 1865 1883 1903 1928 1948 2001 2116 2208 2293 2416 2628 2863 3301 3586 3993 4490 4916 5487 6156 6737 7249 8375 9132 9771 10542 10905 11447 12190 12227 12355 12585 13005 13538 14008 14470 15147 15040 14942 14765 14637 14839 15027 15494 15867 16275 16819 16899 17330 18310 18454 18509 18093 17404 16930 16129 15680 15255 14170 13750 13410 12749 12290 11995 11337 10850 10530 9167 8552 7801 7147 6792 6542 6595 6965 7321 7989 8509 9102 10232 10730 11099 11500 11870
1845 1839 1840 1853 1856 1860 1866 1880 1891 1906 1936 1966 1994 2114 2209 2290 2489 2682 2910 3247 3525 3887 4362 4687 5230 6047 6511 7022 8179 8991 9707 10675 11453 12060 12603 12979 13358 13278 13563 14018 14685 15397 15290 15468 15333 15832 15973 15954 16252 16784 17222 17603 18245 18555 18208 18442 18240 18265 17970 18057 17149 16352 15745 15170 14544 14078 13650 13200 12905 12510 11775 11445 11058 10062 9145 8365 7431 7171 6834 6575 6814 7182 7827 8307 8807 9872 10505 10899 11315 11643
1871 1871 1876 1881 1884 1888 1891 1899 1908 1919 1940 1973 2031 2120 2235 2383 2494 2670 2852 3267 3610 3895 4302 4562 5038 5724 6245 7077 8317 9022 9722 10605 11330 11535 11925 12492 12814 13012 13285 13587 14140 14302 14525 14430 14525 14974 15310 15605 15649 15902 16243 16405 16992 17253 17215 17690 17707 17575 17559 17663 17762 16654 16102 15485 14867 14473 14120 13670 13355 12927 12625 12509 12292 10818 9777 8910 7936 7515 7132 6727 6727 7030 7670 8089 8651 9551 10283 10733 11180 11493
1909 1918 1921 1921 1925 1928 1928 1926 1928 1931 1945 2010 2103 2190 2296 2449 2702 2873 2990 3168 3612 4003 4447 4843 5257 5844 6432 7194 8187 8610 9212 9665 10070 10445 10890 11125 11409 11690 12177 12640 12940 13048 13352 13535 13687 13803 14423 14742 14515 14625 14905 15030 15330 15720 16193 16843 17190 17118 16970 17182 17270 17330 16613 16015 16120 15178 14654 14263 13978 13953 14087 14222 13327 12035 11040 9880 8441 7797 7209 6951 6824 6927 7554 7964 8430 9171 9862 10400 11017 11363
1940 1950 1956 1955 1956 1966 1959 1945 1941 1943 1991 2094 2198 2350 2446 2486 2708 2927 3167 3431 3541 3955 4418 4786 5170 5829 6369 6922 7727 8244 8601 8795 9076 9436 9881 10132 10237 10749 11160 11403 11725 11949 12394 12715 13000 13304 13605 13960 13799 13995 14165 14420 14714 15070 15542 16335 16650 16623 16344 16705 16970 17414 17352 17229 16208 15398 15050 14612 14625 14957 15098 15162 13970 12920 11815 10759 8767 8090 7384 7154 7010 6884 7332 7830 8266 8769 9334 9947 10689 11044
2013 2053 2073 2081 2069 2100 2091 2050 2033 2041 2114 2225 2360 2551 2641 2740 2780 2937 3222 3678 3960 4050 4276 4528 4923 5742 6257 6761 7271 7611 7842 8125 8315 8476 8737 9170 9452 9905 10243 10555 10840 11033 11382 11675 12112 12285 12628 12850 13000 13477 13715 13990 14369 14695 15118 15798 16152 16060 15805 16070 16475 17069 18052 18019 16378 15890 15660 15988 16159 15304 14245 14145 13582 12907 12110 11140 9260 8332 7847 7526 7229 7012 7185 7641 8031 8492 8960 9537 9981 10382
2170 2204 2226 2225 2338 2399 2429 2406 2379 2361 2353 2485 2632 2855 3051 3112 3113 3208 3473 3787 4112 4478 4723 4798 4951 5355 5829 6192 6599 6726 7007 7299 7587 7671 7957 8172 8464 8967 9272 9639 9945 10061 10202 10285 10789 11124 11570 11722 11925 12818 13104 13443 14113 14493 14952 15595 15815 15654 15294 15333 15728 16420 16920 17343 17185 17380 17112 16779 16060 15563 14125 13140 12780 11647 11018 10354 9132 8550 8202 7746 7402 7119 7135 7377 7802 8329 8625 8894 9272 9520
2395 2431 2428 2434 2491 2633 2681 2741 2680 2748 2643 2768 3003 3247 3410 3367 3410 3567 3852 4168 4256 4440 5033 5247 5374 5570 5712 5845 6145 6420 6544 6941 7105 7187 7384 7629 7881 8386 8802 8935 9247 9401 9507 9765 10061 10227 10612 10843 11575 12295 12803 13468 14117 14465 14735 15240 15330 15198 14932 15000 15302 15969 16628 17599 18435 18803 18714 17445 17000 16208 14560 13413 12357 11243 10485 9856 9202 8801 8335 7782 7449 7351 7212 7524 7739 8066 8242 8606 8995 9276
2881 2820 2856 2872 2917 3197 3260 3353 3236 3313 3203 3325 3450 3635 3741 3640 3901 4173 4406 4623 4697 4813 5006 5305 5697 5876 6042 6179 6312 6352 6419 6655 6972 7182 7357 7491 7651 8075 8362 8587 8814 9027 9269 9537 9710 10041 10482 10874 11299 11990 12584 13130 13810 14518 14710 14567 14554 14539 14539 14608 15005 15830 16499 16975 17105 17795 17935 17884 17560 16585 15039 14023 13038 11847 10880 9972 9286 8819 8381 7889 7556 7464 7307 7729 8112 8404 8530 8706 8932 9132
3952 3918 3838 3728 3837 3847 3768 3858 3918 3925 3957 4077 4133 4123 4037 4207 4495 4828 5003 5141 5206 5279 5449 5652 5980 6327 6647 6807 7000 7090 7191 7370 7717 7804 7972 8046 8335 8552 8854 9301 9497 9692 9729 9984 10197 10410 10893 11340 11607 12409 12947 13632 15497 15365 15318 15633 15190 14847 14753 14754 14913 15912 16265 16333 16205 16262 15823 16604 16408 16098 15397 14480 13515 12178 11192 10165 9347 9015 8679 8115 7909 7692 7572 7722 8139 8760 9082 9510 9972 9967
4297 4327 4223 4218 4097 4000 3982 4058 4113 4151 4325 4413 4407 4362 4311 4415 4648 4993 5190 5367 5546 5676 5861 6079 6152 6352 6595 6830 7166 7517 7832 8087 8359 8487 8612 8731 8977 9336 9607 10150 10187 10345 10487 10620 10697 10970 11349 11730 12127 12638 13485 14554 16622 16664 15869 16172 15875 15669 15738 15522 15324 15573 16035 16347 15950 15734 15513 15387 15397 15377 14902 14108 13155 12067 11227 10252 9690 9297 8746 8334 8192 7897 7705 7849 8011 8611 9217 9907 10310 10387
4256 4417 4452 4430 4220 4163 4130 4202 4277 4387 4621 4648 4608 4518 4488 4588 4968 5239 5392 5671 5809 5950 6066 6119 6135 6329 6509 6710 6961 7247 7590 8177 8629 9306 9527 9739 10074 10185 10554 11088 11007 11109 11240 11493 11418 11710 11993 12440 13298 13995 14588 14578 15785 16287 16675 16722 16992 16433 16365 16305 16119 15944 16437 17050 15994 15779 15462 14764 14610 14609 14019 13314 12867 11825 10969 10360 10329 9827 9382 8656 8381 8225 7890 7947 8032 8652 9172 9876 10785 10914
4411 4455 4547 4536 4437 4417 4433 4678 4890 5078 5241 5038 4926 4858 4830 4966 5156 5367 5616 5717 5806 5862 5932 5962 5959 6081 6279 6455 6725 6957 7215 7654 8229 8757 9342 9779 10211 10750 11203 11739 12312 12532 12540 12785 12757 12844 13230 13652 13804 14072 14823 15185 15947 15800 15800 16247 16424 16830 17043 16962 16739 16794 17245 17209 16250 15705 15350 14680 14357 14185 14020 13509 12905 12672 11855 11160 10885 10650 10250 9235 8944 8654 8192 8201 8317 8817 9290 10254 11585 12147
4203 4491 4626 4651 4608 4592 4682 5062 5381 5532 5277 5113 5100 5057 5027 5091 5235 5416 5542 5637 5712 5779 5870 5899 5901 5991 6080 6294 6532 6726 6972 7344 7824 8319 8789 9160 9606 10180 10650 11212 11688 12167 12690 13029 12780 12829 12690 12788 12920 13317 13887 14945 15260 14944 15333 15954 16345 16760 17115 17409 17179 16894 16630 16558 16345 15745 15680 15537 15130 14594 14140 13797 13745 14010 12155 11607 11513 11507 10912 9954 9544 9040 8512 8421 8560 8940 9616 10602 11822 12578
3882 4108 4333 4655 4857 4928 5135 5289 5321 5337 5226 5202 5277 5256 5162 5177 5301 5384 5497 5667 5752 5806 5852 5841 5811 5874 5986 6124 6362 6586 6837 7157 7457 7919 8357 8774 9220 9782 10360 10744 11145 11772 12135 12390 12065 12055 11978 12198 12459 13005 13995 14044 13750 13552 14402 14470 15389 16248 16954 17414 17735 16955 16655 16467 16314 16120 15885 15612 15573 15359 14770 14347 14398 13678 12417 11908 11972 12175 11810 10918 10345 9564 8989 8837 8799 9282 9931 10708 11564 12668
3358 3603 3785 4035 4363 4553 4668 4783 4878 4913 4961 5073 5177 5216 5247 5270 5350 5462 5617 5702 5664 5707 5682 5647 5602 5635 5725 5904 6141 6376 6614 6885 7172 7585 7880 8261 8657 9274 9769 9826 10474 10832 11275 11225 11055 11004 11074 11715 12369 13309 13360 13042 12450 12534 13204 14049 14687 15607 16654 17067 17078 16539 16292 16140 16035 16335 16239 16040 16045 15975 15968 15303 14555 13439 12590 12103 12290 13204 12895 12572 11698 10503 9734 9452 9182 9382 9929 10653 11455 12347
2893 3197 3377 3561 3795 3966 4107 4301 4381 4493 4781 4881 4958 5007 5053 5177 5319 5374 5384 5384 5427 5497 5536 5537 5534 5557 5607 5687 5952 6220 6334 6677 6937 7111 7596 7874 8222 8687 9079 9320 9836 10119 10419 10380 10252 10414 11467 12188 12560 12630 12677 12524 11740 11725 12125 12798 13325 14160 15703 16465 16703 15905 15795 15402 15209 15492 15948 16469 16259 15740 15172 14925 14650 13339 12674 12297 13025 13393 13519 13227 12193 11465 10176 9714 9541 9607 9962 10333 11283 12129
2559 2813 3038 3206 3353 3513 3672 3908 4112 4393 4580 4651 4712 4743 4793 4911 4997 5043 5053 5060 5118 5280 5405 5424 5395 5504 5532 5532 5722 5851 5962 6344 6574 6927 7246 7541 7789 8090 8422 8760 9209 9480 9775 9714 9879 10462 11195 11607 11963 12027 12043 11942 11339 10974 11507 12625 13822 14979 15863 16053 16034 15380 15353 14634 14614 15094 15830 16800 17274 16222 15257 14839 14422 13497 13000 12815 13030 13294 13552 13640 12357 11785 10720 9989 9851 9717 10067 10709 11490 12072
