data/snohomish_elev_100m_gdalwarp.asc
ncols        893
nrows        908
xllcorner    555765.000000000000
yllcorner    5244985.000000000000
cellsize     100.000000000000
NODATA_value 0
[rows 400 to 439 of 908, columns 270 to 359 of 893]
3252 3126 3339 3414 3634 3791 3879 3747 3584 3423 3380 3351 3301 3301 3301 3301 3380 3394 3527 3560 3370 3093 2837 2576 2171 1819 1553 1511 1395 1163 1114 1141 911 655 744 749 838 958 953 982 1039 923 1126 1038 1341 1511 1732 1676 1582 1577 1513 1513 1513 1513 1526 1524 1648 1751 1960 2057 2267 2461 2580 2675 2794 2860 2942 3106 3211 2527 2131 2147 2132 2318 2407 2689 2698 2721 2819 2931 2923 2924 3143 3317 3440 3711 3929 3921 3974 3927
3099 3227 3311 3551 3911 3980 4122 3756 3555 3365 3369 3301 3301 3301 3301 3352 3396 3393 3410 3514 3373 3089 2812 2599 2262 1872 1795 1725 1513 1222 1085 1058 888 655 720 693 704 790 885 796 789 917 1178 1249 1089 1488 1681 1586 1576 1539 1513 1629 1632 1525 1575 1626 1801 1953 1955 2111 2274 2439 2573 2634 2679 2700 2821 2972 2830 2389 2168 2180 2355 2583 2852 2850 2718 2791 2804 2780 2857 3010 3136 3312 3537 4054 4768 4527 4807 4729
3046 3237 3484 3818 4230 4314 4359 3766 3513 3353 3301 3301 3301 3301 3301 3392 3521 3528 3517 3500 3330 3039 2790 2622 2344 2035 2027 1848 1491 1254 1060 1044 849 788 664 668 777 738 761 794 1002 1160 1245 1376 1290 1486 1609 1533 1539 1606 1716 1734 1686 1595 1701 1890 2097 2238 2205 2263 2488 2799 2829 2777 2630 2611 2716 2604 2469 2273 2187 2227 2317 2512 2602 2584 2668 2729 2814 2922 3009 3139 3426 3691 3973 4591 5167 5326 5038 5016
3051 3433 3668 3834 4179 4209 4175 3757 3404 3339 3301 3301 3301 3301 3301 3544 3878 3988 3910 3477 3286 3084 2772 2598 2394 2171 2068 1900 1499 1327 1146 1098 1014 977 754 951 807 744 782 1016 1151 1259 1312 1440 1467 1223 1502 1688 1701 1733 1714 1703 1651 1636 1815 1983 2109 2193 2255 2720 2923 3087 3099 3038 2752 2567 2460 2297 2249 2190 2205 2251 2486 2586 2750 2675 2817 2963 3261 3556 3662 3727 4035 4714 5176 5207 5228 5233 5360 5215
3125 3366 3578 3726 3975 4091 4016 3661 3385 3301 3301 3301 3301 3346 3440 3681 4229 4357 4277 3489 3287 3037 2606 2483 2422 2291 2029 1905 1481 1277 1140 1102 1005 952 762 983 993 887 1049 1140 1209 1331 1381 1488 1542 1593 1835 1808 1765 1727 1702 1651 1655 1636 1714 1922 2007 2100 2184 2413 2883 2866 2807 2788 2750 2531 2326 2146 2103 2142 2234 2416 2813 3139 3270 3201 3232 3378 3618 4097 4381 4460 4322 4830 5366 5229 5187 5295 5286 5306
3109 3311 3442 3605 3879 3947 3836 3537 3359 3301 3310 3310 3301 3418 3531 3713 4310 4315 4132 3509 3170 2982 2765 2684 2686 2413 2074 1804 1406 1217 1125 1094 955 876 780 945 977 1038 1106 1140 1213 1406 1464 1566 1711 1810 1904 1794 1743 1703 1681 1671 1649 1642 1668 1809 1916 2065 2164 2398 2599 2343 2369 2413 2637 2423 2200 2103 2108 2207 2434 3261 3658 3917 3875 3824 3757 3903 4318 4774 4716 4850 4881 4698 5261 5181 5267 5390 5587 5591
3180 3217 3347 3403 3497 3692 3642 3379 3306 3295 3313 3324 3358 3537 3635 3704 3991 4041 3870 3331 3193 3273 3106 3138 2928 2503 2105 1682 1337 1196 1088 1019 944 858 985 1012 1034 1100 1108 1148 1311 1481 1629 1732 1934 1945 1897 1809 1701 1695 1694 1685 1648 1703 1707 1719 1901 2017 2072 2227 2339 2026 2031 2231 2243 2109 2103 2138 2253 2989 3426 4163 4669 5168 4925 4714 4679 4767 4828 4825 4880 4929 5110 4869 5129 5283 5380 5765 6113 6115
3376 3403 3372 3364 3384 3453 3462 3320 3224 3314 3355 3375 3455 3618 3692 3696 3764 3762 3601 3343 3370 3464 3328 3125 2790 2363 2011 1606 1214 1146 1102 1040 927 877 992 1113 1154 1102 1152 1218 1342 1518 1709 1920 2019 1975 1896 1818 1704 1711 1715 1699 1713 1709 1677 1723 1760 1978 2088 2122 2127 1983 2168 2242 2366 2208 2251 2624 2825 2969 3555 4303 5189 5105 5062 4816 4680 4796 4806 4942 4935 4994 5015 4963 5159 5344 5558 5782 6015 6191
3541 3556 3549 3347 3316 3247 3306 3227 3270 3369 3434 3484 3587 3717 3737 3665 3568 3579 3398 3338 3545 3476 3212 2943 2544 2166 1889 1488 1100 1067 973 841 941 1039 1102 1155 1184 1156 1225 1340 1420 1535 1726 2119 2102 2020 1891 1797 1709 1724 1727 1731 1776 1783 1691 1734 1837 2179 2082 2080 2002 2116 2148 2110 2006 2006 2204 2626 2815 2998 3661 4339 5142 5189 5044 4797 4698 4780 4851 5031 5111 5162 5186 5059 5133 5287 5624 5931 6077 6222
3398 3524 3482 3292 3208 3211 3223 3239 3292 3415 3524 3604 3754 3816 3802 3619 3436 3319 3191 3257 3458 3273 2913 2677 2288 1775 1468 1176 1073 1029 976 1002 1091 1145 1200 1206 1218 1230 1288 1488 1600 1567 1717 2223 2168 2047 1880 1788 1751 1736 1744 1765 1781 1741 1724 1757 2162 2135 1960 1940 1942 1965 1981 1989 2078 2220 2368 2598 2765 2966 3653 4085 4758 5258 5160 4866 4712 4772 4885 5120 5110 5185 5335 5353 5285 5347 5515 5894 6183 6425
3260 3288 3258 3169 3271 3214 3245 3297 3286 3390 3611 3741 3891 3834 3891 3624 3390 3191 3101 3062 3397 3141 2635 2421 2147 1736 1476 1198 1091 1047 911 964 1164 1213 1312 1278 1341 1276 1409 1614 1708 1780 1937 2237 2194 2064 1885 1788 1753 1743 1752 1769 1783 1763 1763 1764 1982 1927 1927 2005 1998 1967 1975 1989 2033 2091 2130 2470 2662 2898 3490 3771 4534 5335 5249 4976 4681 4808 5049 5042 5102 5228 5303 5365 5334 5464 5588 5808 6094 6476
3095 3134 3117 3352 3403 3281 3260 3304 3292 3376 3659 3765 3888 3836 3891 3581 3298 3076 3049 2992 3188 2947 2471 2356 2371 1849 1599 1217 1102 1049 970 1097 1194 1285 1407 1372 1395 1381 1518 1696 2030 2199 2280 2348 2182 2065 1911 1796 1755 1750 1759 1775 1777 1767 1784 1819 1914 1940 1953 1991 2150 1991 1976 1987 2023 2082 2131 2332 2511 2720 3168 3557 4225 5353 5285 5060 4628 4945 5050 5203 5272 5365 5468 5449 5528 5665 5676 5898 6471 6749
3057 3079 3238 3494 3513 3302 3274 3300 3323 3343 3617 3690 3787 3694 3728 3456 3170 3009 2901 2953 2933 2684 2300 2263 2297 2025 1631 1183 1059 997 1037 1129 1225 1311 1409 1445 1536 1522 1690 1971 2781 2749 2679 2611 2469 2098 1939 1819 1756 1764 1772 1783 1786 1777 1895 1924 1954 1973 1996 2041 2140 2357 2060 1983 2021 2131 2171 2338 2378 2561 2890 3240 3838 4779 5105 5021 4622 4954 5083 5223 5238 5362 5487 5591 5751 5787 5894 6061 6560 7123
3048 3118 3366 3666 3648 3329 3280 3303 3313 3299 3552 3633 3651 3562 3618 3415 3141 2977 2815 2862 2730 2548 2494 2213 1986 1921 1726 1224 1102 983 1057 1139 1252 1328 1428 1465 1457 1675 2014 2653 2801 2740 2678 2607 2543 2302 1980 1824 1767 1768 1785 1795 1814 1827 1856 1969 1988 1995 2003 2066 2248 2964 2737 2507 2151 2300 2330 2462 2467 2633 2730 2967 3685 4452 4731 4804 4592 5015 5266 5223 5238 5396 5474 5599 5598 5796 5996 6276 6735 7237
3065 3200 3468 3755 3626 3325 3283 3298 3307 3271 3457 3553 3536 3477 3463 3362 3180 2993 2785 2781 2696 2519 2450 2292 2059 1818 1673 1304 1070 990 1007 1136 1271 1319 1380 1435 1413 1812 2324 2833 2764 2691 2639 2575 2526 2441 2117 1887 1831 1810 1813 1804 1826 1875 1892 2072 2104 2107 2088 2201 2264 3525 3846 2988 2396 2412 2499 2456 2559 2606 2851 2928 3238 3996 4355 4318 4509 4882 5311 5271 5266 5273 5422 5538 5577 5833 6057 6372 6971 7334
3042 3214 3495 3723 3496 3332 3285 3297 3299 3243 3327 3466 3399 3302 3229 3201 3128 2998 2682 2744 2584 2357 2485 2493 2152 1888 1683 1384 1129 956 1102 1140 1247 1307 1349 1398 1637 2153 2764 2824 2643 2585 2543 2524 2470 2397 2277 1981 1861 1844 1825 1815 1835 1954 2111 2024 2239 2271 2213 2246 2518 4022 4398 3666 2879 2634 2587 2559 2583 2682 2800 2998 3135 3713 4004 4135 4378 4623 4886 5294 5285 5376 5511 5634 5744 5936 6189 6488 7159 7606
3038 3190 3407 3544 3452 3347 3304 3293 3291 3235 3280 3368 3312 3240 3129 3106 3074 2953 2721 2642 2565 2369 2506 2584 2348 1865 1689 1423 1127 959 1102 1148 1261 1312 1360 1397 1676 2351 2825 2805 2572 2521 2489 2471 2395 2298 2191 2132 1880 1827 1829 1824 1916 2070 2178 2080 2259 2317 2241 2332 2774 3914 4287 4169 3343 2972 2721 2559 2592 2682 2872 2953 3065 3467 4250 4499 4699 4840 4769 5081 5178 5373 5517 5645 5778 6007 6240 6480 7068 7475
3037 3175 3353 3416 3485 3352 3279 3219 3249 3218 3253 3309 3251 3147 3039 3030 3118 2968 2742 2593 2575 2518 2443 2496 2354 2096 1781 1465 1200 1000 1113 1156 1264 1314 1371 1450 1760 2524 2839 2766 2538 2439 2416 2439 2328 2193 2124 2015 1876 1828 1829 1865 2031 2196 2214 2203 2207 2290 2286 2394 2680 3461 3917 4145 3799 3584 3075 2590 2607 2679 2918 2967 3063 3360 3956 4696 4988 5018 4956 4957 5209 5354 5588 5780 5958 5985 6172 6421 6847 7253
3016 3106 3201 3289 3383 3322 3301 3238 3166 3156 3187 3215 3202 3041 2896 2901 3214 2970 2816 2552 2668 2658 2637 2472 2304 2107 1903 1504 1183 1011 1114 1171 1283 1316 1423 1610 2058 2767 2810 2699 2556 2453 2295 2353 2280 2180 1974 1870 1828 1844 1827 1885 2039 2212 2257 2251 2162 2216 2488 2601 2754 3352 3548 3658 3631 3659 3558 2680 2614 2753 3009 3035 3084 3434 3704 4058 4426 4823 4910 4918 5156 5375 5641 5780 5929 6099 6250 6376 6602 6988
2996 3059 3110 3196 3259 3218 3230 3242 3172 3109 3121 3176 3177 2953 2840 2872 3157 2915 2788 2537 2698 2748 2640 2519 2223 2014 1906 1627 1139 1022 1166 1173 1280 1332 1400 1761 2329 2827 2768 2639 2448 2392 2284 2214 2170 2093 1926 1894 1813 1869 1884 1883 2023 2129 2230 2389 2171 2170 2464 2761 2968 3244 3398 3518 3493 3418 3314 2676 2644 2744 3012 3045 3105 3172 3295 3536 3866 4160 4456 4730 4912 5230 5585 5885 6150 6211 6283 6380 6604 6733
2953 3010 3041 3118 3132 3093 3187 3235 3215 3128 3045 3125 3138 2902 2827 2846 3052 2845 2725 2537 2677 2814 2654 2513 2171 1893 1849 1619 1135 1031 1146 1214 1299 1341 1406 1820 2318 2765 2665 2544 2366 2308 2231 2111 2048 1980 1837 1825 1827 1948 1945 1951 1999 2106 2213 2466 2450 2272 2222 2583 2747 2784 2838 2893 3020 2975 2852 2650 2678 2727 2971 3032 3149 3225 3264 3403 3705 3939 4180 4676 4767 5080 5557 5916 5946 6159 6257 6422 6440 6528
2925 3000 3023 3037 3019 2993 3009 3176 3171 3113 3016 3048 3075 2865 2782 2806 2903 2737 2648 2533 2569 2729 2747 2540 2275 1845 1577 1440 1178 1130 1123 1145 1175 1274 1394 1683 2088 2490 2492 2466 2334 2269 2197 2122 2003 1876 1834 1844 1862 1963 1970 1982 2000 2036 2068 2178 2250 2507 2513 2389 2315 2333 2549 2641 2647 2719 2658 2538 2538 2573 2687 2654 2962 2879 3141 3518 3411 3339 3579 4254 4446 4658 5149 5399 5918 5879 6127 6259 6285 6315
2913 2994 3004 2976 2964 2939 2942 3131 3146 3096 3023 2927 2991 2845 2762 2734 2827 2620 2555 2530 2540 2644 2785 2602 2287 1864 1650 1331 1220 1184 1242 1284 1252 1207 1492 1783 2025 2292 2193 2131 2176 2171 2085 2005 1976 1912 1825 1827 1858 1930 1972 2003 2012 2075 2098 2130 2396 2550 2606 2596 2573 2538 2402 2407 2476 2513 2500 2523 2580 2777 2879 3017 3206 3442 3018 3121 3273 3201 3303 3902 4316 4485 4819 5199 5503 5862 5768 5990 6003 6033
2906 2944 2996 2936 2911 2895 2891 3012 3116 3077 2966 2877 2930 2875 2705 2684 2679 2493 2425 2602 2566 2661 2822 2595 2333 1906 1656 1408 1250 1229 1298 1325 1318 1259 1480 1740 1917 2070 1950 1904 1934 2086 2035 1933 1902 1767 1825 1834 1885 1920 1972 2005 2114 2123 2197 2216 2513 2585 2702 2741 2735 2838 2947 2957 2874 2779 2728 2796 2951 3224 3217 3241 3270 3502 3482 3485 3706 3574 3205 3516 4006 4353 4532 4842 5162 5359 5478 5578 5744 5836
2891 2865 2947 2920 2854 2840 2800 2913 3051 3027 2962 2867 2857 2857 2640 2636 2478 2364 2461 2691 2703 2672 2838 2577 2273 1765 1526 1332 1281 1289 1307 1342 1433 1416 1475 1720 1796 1854 1684 1653 1692 1883 1977 1907 1812 1804 1907 1896 1904 1944 1972 1999 2144 2171 2183 2263 2482 2501 2720 2768 3029 3734 4108 4054 3628 3552 3425 3572 3907 4177 4161 4206 3957 3916 3912 3953 3943 3953 3684 3564 3781 4086 4233 4281 4850 5347 5510 5532 5561 5596
2878 2855 2917 2915 2826 2798 2756 2790 2910 2971 2873 2857 2833 2814 2649 2632 2414 2270 2448 2740 2807 2800 2674 2515 2217 1765 1455 1301 1295 1279 1305 1340 1493 1607 1496 1704 1757 1796 1586 1553 1579 1732 1837 1809 1785 1810 1941 1923 1918 1963 1992 2026 2137 2185 2331 2508 2617 2799 3108 3196 3364 3794 4476 4517 4396 4007 4030 4397 4275 4479 4955 4769 4759 4357 4387 4282 4173 4087 4068 3969 3604 3688 4368 4566 4844 5311 5587 5827 6020 5957
2868 2826 2878 2901 2812 2753 2729 2744 2783 2884 2822 2809 2807 2784 2639 2602 2418 2245 2350 2677 2858 2838 2558 2424 2198 1760 1443 1287 1344 1274 1309 1390 1582 1663 1497 1725 1755 1614 1541 1517 1556 1639 1752 1766 1751 1758 1913 1967 1966 1996 2007 2062 2121 2262 2448 2647 2776 2896 3354 3993 4072 4054 4097 4397 4261 4004 4116 4457 4794 4950 4991 5186 4810 4726 4698 4554 4534 4601 4580 4307 4198 4241 3958 4454 4776 5208 5536 5871 6054 6094
2857 2816 2786 2871 2830 2742 2711 2682 2680 2782 2734 2736 2749 2751 2619 2528 2403 2262 2200 2471 2682 2786 2609 2343 2201 1759 1449 1278 1266 1266 1417 1561 1591 1579 1500 1496 1513 1496 1496 1506 1537 1560 1675 1720 1745 1902 1994 1994 2033 2053 2071 2110 2258 2388 2680 2979 3025 3375 3629 3897 4094 4267 4499 4529 4175 3978 4067 4239 4452 4627 4802 4820 4810 5099 5110 4942 4921 4989 5182 5134 4941 4729 4629 4231 4548 5128 5426 5687 5984 6015
2851 2806 2734 2805 2816 2747 2696 2673 2646 2656 2658 2688 2708 2703 2597 2451 2372 2232 2115 2385 2567 2633 2473 2283 2076 1721 1473 1266 1266 1392 1510 1579 1605 1526 1496 1496 1496 1503 1620 1629 1755 1775 1722 1704 1809 2009 2079 2058 2105 2112 2125 2234 2374 2596 2901 3065 3107 3404 3584 4029 4117 4205 4407 4039 3958 3938 4232 4513 4602 4738 4808 4905 5123 4959 5261 5089 4986 5005 5164 5428 5373 5274 4951 4765 4374 4852 5187 5512 5891 5978
2847 2808 2746 2745 2793 2746 2673 2635 2631 2610 2602 2630 2668 2669 2566 2375 2388 2253 2112 2222 2403 2483 2361 2210 2001 1670 1352 1272 1266 1494 1576 1605 1630 1515 1496 1496 1517 1844 1885 1863 1842 1796 1746 1786 2020 2143 2121 2089 2087 2156 2218 2222 2435 2661 2874 3112 3200 3400 3533 3695 3985 4163 3938 3876 3874 3949 4369 4635 4760 5013 5332 5176 5204 5071 5152 5362 5209 5195 5134 5411 5413 5410 5259 5008 4807 4609 4984 5348 5721 5670
2844 2806 2766 2715 2745 2746 2678 2594 2575 2546 2519 2522 2584 2567 2495 2324 2393 2284 2164 2051 2196 2280 2179 2089 1892 1593 1359 1240 1446 1602 1640 1645 1656 1510 1500 1571 1848 1988 1972 1880 1819 1767 1760 1929 2154 2180 2175 2068 2104 2150 2190 2313 2583 2774 2914 3103 3316 3285 3476 3443 3497 3586 3838 3886 3922 4639 4894 5073 5149 5201 5299 5342 5344 5398 5358 5409 5300 5384 5334 5280 5558 5600 5733 5595 5367 4932 4638 4944 5249 5304
2856 2817 2747 2687 2671 2678 2649 2586 2504 2490 2450 2451 2496 2498 2447 2302 2354 2290 2198 1944 2066 2139 2017 1947 1804 1494 1270 1222 1505 1661 1711 1698 1660 1520 1605 1843 1925 2010 1984 1872 1834 1820 1834 2149 2167 2183 2063 2117 2192 2295 2331 2435 2639 2809 2936 3139 3399 3366 3558 3717 3803 4101 4353 4326 4687 4820 5063 5038 5252 5316 5415 5352 5261 5416 5444 5408 5480 5531 5403 5391 5715 5816 5886 5865 5640 5228 4908 4725 4911 4975
2840 2787 2723 2612 2610 2612 2604 2559 2480 2460 2386 2393 2409 2418 2376 2261 2252 2328 2181 1966 1884 1986 1900 1760 1699 1413 1244 1204 1516 1718 1746 1746 1617 1551 1745 1962 1942 1985 1941 1859 1902 2011 1976 2122 2128 2095 2052 2172 2337 2451 2470 2565 2714 2835 2990 3234 3522 3597 3780 3965 4301 4517 4505 4644 4795 4861 5030 5162 5276 5392 5422 5431 5112 5498 5468 5415 5538 5672 5563 5447 5660 5813 5920 5940 5769 5645 5493 5136 4948 5188
2799 2741 2675 2581 2509 2529 2533 2523 2447 2444 2346 2330 2327 2306 2252 2188 2141 2312 2218 1960 1813 1803 1702 1603 1530 1310 1192 1195 1545 1803 1871 1754 1525 1593 1810 2011 1948 1963 1880 1858 2045 2137 2019 1981 2024 2092 2204 2335 2431 2576 2622 2693 2934 3044 3103 3432 3697 3937 4008 4214 4315 4623 4700 4693 5028 4955 4981 5223 5237 5345 5360 5490 5120 5330 5520 5497 5485 5673 5658 5605 5633 5819 5947 5989 6001 6146 5927 5204 5454 5502
2827 2719 2676 2602 2437 2468 2481 2491 2457 2336 2343 2287 2283 2246 2215 2145 2032 2179 2220 1972 1881 1698 1605 1480 1361 1205 1181 1217 1517 1684 1657 1525 1722 1773 1777 1980 1940 1939 1877 1876 1968 2207 2018 1981 2093 2247 2319 2488 2510 2685 2740 2795 3070 3367 3212 3503 3858 3999 3874 3866 4272 4702 4653 4747 4947 4982 4984 5298 5334 5367 5354 5479 5337 5238 5465 5633 5671 5698 5799 5854 5842 5844 5911 5978 6077 6228 5957 5453 5830 5872
2868 2722 2663 2605 2456 2409 2433 2437 2422 2284 2406 2234 2234 2204 2150 2072 1946 2117 2162 1990 1896 1752 1636 1431 1298 1194 1179 1251 1495 1547 1525 1755 1985 1966 1747 1955 1928 1902 1886 1896 1928 2162 2021 2038 2241 2401 2417 2500 2593 2715 2810 2869 2951 3111 3116 3543 3993 4046 3819 4335 4381 4669 4615 4785 4950 5024 5013 5170 5359 5356 5349 5402 5483 5092 5280 5546 5771 5850 5893 5975 6023 6045 6078 6111 6164 6228 5934 5693 6123 6191
2950 2779 2700 2600 2483 2410 2377 2436 2348 2174 2369 2192 2156 2136 2099 2014 1917 1995 2103 1980 1893 1753 1640 1454 1240 1170 1222 1468 1511 1531 1597 1698 1815 1917 1742 1782 1902 1896 1891 1898 1902 1949 2015 2058 2280 2432 2499 2582 2701 2787 2880 3010 3242 3248 3286 3644 4091 4091 3819 4161 4657 4532 4489 4753 4841 4924 4642 4697 5039 5216 5182 5184 5211 5160 5027 5384 5743 5909 6041 6125 6172 6231 6275 6302 6314 6301 6150 5908 6299 6405
2908 2920 2738 2663 2525 2448 2331 2381 2298 2176 2272 2195 2114 2089 2060 1982 1892 1875 2037 1963 1860 1646 1451 1227 1165 1170 1423 1598 1743 1731 1563 1661 1698 1802 1793 1791 1822 1833 1814 1825 1878 1956 1987 2031 2205 2414 2567 2607 2722 2860 2926 3088 3328 3411 3661 4100 4212 4276 3893 4316 4977 4766 4600 4736 4726 4697 4624 4745 4810 4760 4753 4805 4813 4934 4965 5233 5687 5895 6060 6210 6291 6345 6392 6460 6468 6448 6298 6114 6337 6462
2832 3035 2851 2706 2581 2498 2331 2351 2339 2273 2171 2155 2102 2047 1997 1944 1879 1851 1906 1871 1716 1457 1125 1122 1144 1202 1538 1630 1640 1594 1565 1571 1657 1758 1800 1809 1815 1875 1830 1970 1920 1991 1997 2026 2135 2333 2568 2623 2731 2921 2980 3298 3431 3515 3779 4156 4334 3986 4031 4367 4913 4995 4693 4648 4883 4779 4600 4893 4681 4956 5178 4983 5026 5227 5264 5278 5617 5877 6060 6249 6363 6431 6543 6609 6614 6609 6502 6278 6303 6459
2870 3053 2985 2751 2601 2424 2513 2317 2327 2269 2080 2099 2073 2004 1961 1910 1876 1846 1692 1590 1352 1102 1222 1263 1406 1535 1384 1505 1527 1551 1560 1552 1555 1664 1764 1906 2036 2079 2262 1928 2147 1982 2157 2084 2174 2301 2493 2815 2813 2903 2978 3435 3612 3802 3981 4198 4425 4048 4009 4271 4527 4725 4668 4577 4446 4326 4373 4575 4692 4978 5269 5301 5398 5466 5532 5602 5696 5878 6032 6251 6386 6491 6596 6665 6722 6737 6727 6631 6374 6553
