data/snohomish_elev_100m_gdalwarp.asc
ncols        893
nrows        908
xllcorner    555765.000000000000
yllcorner    5244985.000000000000
cellsize     100.000000000000
NODATA_value 0
[rows 600 to 639 of 908, columns 360 to 449 of 893]
2935 2835 3282 3489 3713 3588 3453 3442 3285 3170 3025 2936 2926 2938 2914 2848 2875 2921 2945 2982 3027 3071 3069 2943 2918 2958 2951 2953 2962 2963 2963 2957 2958 2947 2930 2919 3142 3453 3477 3487 3530 3616 3689 3753 3816 3913 3971 4025 4021 4047 4051 4028 3986 3943 3892 3734 3706 3705 3718 3813 4178 4894 5331 5852 6381 6898 7785 8579 8712 8737 8649 8230 7696 7444 7270 7114 6994 7082 7203 7372 7596 7890 7708 8099 8389 8844 8888 8923 9136 9430
2967 2898 3249 3356 3686 3912 3789 3527 3368 3171 2902 2872 2872 2864 2841 2844 2917 2976 3003 3047 3062 3072 3074 3052 2919 2918 2923 2933 2943 2947 2949 2945 2941 2932 2921 2977 3357 3550 3537 3512 3528 3577 3632 3761 3823 3882 3875 3976 4014 4034 4037 4007 3959 3919 3833 3655 3687 3710 3765 4025 4490 5323 5785 6136 6716 7414 8427 8662 8623 8802 8804 8440 8195 7966 7888 7745 7582 7866 8067 8211 8495 8689 8480 8139 8103 8276 8561 8897 9308 9648
2768 3008 3107 3222 3558 3838 3704 3466 3263 2968 2876 2854 2849 2841 2840 2849 2935 2979 3004 3034 3047 3048 3048 2981 2953 2918 2918 2920 2927 2932 2934 2933 2929 2922 2927 3239 3522 3543 3558 3540 3520 3535 3677 3782 3814 3824 3834 3891 3977 4022 4033 3998 3935 3885 3802 3661 3694 3723 3781 4181 4763 5575 5977 6459 7120 7797 8641 8482 8602 8870 9054 8791 8579 8335 8370 8165 8034 8382 8632 8909 9242 9279 8887 8673 8723 8578 8743 8908 9176 9570
2936 2684 2974 3136 3421 3594 3422 3213 2936 2851 2847 2837 2828 2823 2863 2921 2955 2971 2986 2992 3043 3039 3022 3014 3012 3002 3015 2918 2918 2918 2921 2920 2918 2954 3241 3436 3500 3537 3537 3541 3532 3561 3684 3759 3776 3765 3797 3874 3930 3985 4018 3972 3906 3804 3657 3660 3704 3741 3842 4301 4942 5553 6231 6687 7673 8271 8580 8399 8593 8844 9206 9128 8935 8760 8861 8670 8455 8859 9252 9407 9539 9526 9161 9203 9317 9090 9170 9456 9635 9692
2986 2667 2827 3087 3302 3406 3198 2962 2851 2835 2822 2817 2872 2983 2980 2976 3003 3054 3117 3154 3193 3182 3128 3164 3167 3138 3133 3148 3156 3197 3216 3152 3227 3147 3270 3433 3501 3518 3530 3536 3535 3569 3659 3697 3712 3736 3779 3851 3897 3917 3882 3905 3765 3652 3658 3679 3736 3785 3926 4379 4922 5882 6850 6913 7831 8246 8334 8371 8631 8900 9173 9275 9286 9311 9348 9279 9274 9623 9877 9825 9923 9861 9571 9608 9821 9574 9428 9529 9733 9947
3159 2814 2748 2993 3149 3115 3019 2850 2838 2825 2806 2888 3003 3051 3077 3115 3171 3198 3232 3257 3262 3252 3222 3242 3225 3161 3195 3238 3294 3403 3527 3561 3481 3312 3214 3416 3521 3547 3539 3535 3529 3532 3599 3652 3654 3728 3833 3891 3901 4032 3910 3852 3732 3651 3665 3718 3763 3819 3963 4462 4882 6081 6701 6873 7242 7875 8226 8460 8695 8869 9038 9148 9236 9529 9602 9470 9688 9862 9916 9957 10007 10024 9880 9919 9917 9564 9706 9730 9688 9790
3160 2860 2755 2905 3000 2902 2854 2831 2817 2809 2894 2962 3017 3000 2977 3111 3160 3198 3247 3264 3256 3251 3253 3215 3226 3236 3225 3232 3400 3460 3551 3398 3364 3315 3253 3306 3468 3490 3532 3449 3289 3450 3547 3525 3597 3726 3826 3844 4039 4224 3967 3789 3641 3664 3689 3745 3791 3845 4039 4540 5115 6426 6638 6705 7096 7703 8243 8456 8613 8787 8903 8992 9119 9532 9549 9633 9824 9899 9933 9985 10073 10071 10058 10102 10013 9740 9837 9920 9913 9783
2882 2880 2749 2815 2852 2817 2798 2802 2837 2870 2897 2915 2924 2943 3067 3119 3142 3172 3199 3221 3236 3243 3234 3214 3214 3321 3377 3429 3462 3513 3540 3408 3361 3370 3268 3261 3323 3342 3338 3287 3286 3327 3407 3511 3604 3782 3871 3997 4421 4269 3963 3779 3644 3674 3713 3766 3818 3871 4129 4608 5264 6843 6745 6659 7013 7476 8157 8454 8589 8700 8838 8956 9066 9291 9445 9610 9772 9846 9898 9990 10112 10148 10180 10208 10157 10046 10124 10200 10259 10028
2869 2760 2754 2766 2786 2784 2784 2821 2920 2926 2900 2923 2926 2920 2950 3050 3114 3164 3190 3214 3235 3236 3254 3258 3234 3360 3432 3449 3472 3495 3496 3416 3444 3467 3258 3255 3274 3277 3288 3354 3334 3332 3388 3504 3627 3820 3984 4300 4843 4280 3959 3745 3640 3684 3719 3773 3831 3901 4338 4715 5410 6505 6636 6592 7051 7829 8029 8404 8565 8682 8881 8961 9051 9272 9432 9568 9746 9877 9962 10031 10096 10193 10283 10341 10368 10234 10292 10422 10461 10251
2868 2797 2758 2766 2773 2779 2787 2842 2923 2914 2907 2909 2915 2925 2952 3045 3136 3175 3201 3218 3220 3221 3223 3259 3261 3298 3391 3420 3470 3503 3517 3552 3556 3533 3252 3218 3229 3275 3388 3663 3415 3352 3378 3513 3655 3906 4266 4738 5186 4408 3929 3710 3615 3684 3725 3787 3852 4011 4551 4943 5517 6303 6495 6606 7079 7828 8359 8585 8663 8638 8807 8962 9063 9288 9504 9635 9875 10004 10064 10127 10171 10241 10459 10593 10598 10475 10460 10655 10660 10324
2890 2934 2823 2776 2787 2792 2803 2877 2890 2898 2908 2919 2917 2997 3107 3131 3162 3218 3272 3401 3485 3554 3458 3345 3354 3456 3472 3465 3483 3521 3541 3473 3393 3272 3218 3214 3223 3580 3947 3916 3574 3363 3361 3572 3892 4215 5139 5175 4755 4151 3884 3705 3612 3687 3730 3799 3901 4190 4720 5231 5695 6137 6515 6659 7279 7999 8475 8708 8781 8844 8941 9025 9111 9370 9524 9623 9847 9998 10148 10244 10369 10481 10803 10917 10840 10740 10688 10793 10889 10636
2784 2850 2892 2818 2822 2870 2880 2896 2917 2910 2920 2930 2972 2986 3078 3170 3261 3387 3555 3755 3866 3678 3342 3570 3821 3735 3696 3589 3501 3537 3552 3414 3283 3238 3214 3214 3257 3860 4301 3822 3442 3342 3354 3587 4046 4633 5514 5017 4570 4077 3919 3749 3632 3694 3730 3789 3986 4289 4754 5291 5756 6202 6545 6938 7732 8224 8577 8737 8833 8952 9050 9130 9260 9458 9588 9726 9880 9982 10131 10375 10509 10715 11029 11105 11039 10964 10956 11028 11175 11096
2704 2731 2813 2866 2890 2886 2889 2904 2924 2923 2924 2992 3021 3113 3147 3187 3279 3401 3579 3790 3621 3441 3424 3840 4064 3973 3811 3530 3529 3554 3561 3355 3268 3224 3214 3242 3335 4327 4249 3744 3389 3329 3347 3598 4266 5417 5289 4811 4494 3999 3885 3848 3630 3700 3737 3841 4086 4401 4808 5311 5798 6255 6569 6992 7766 8191 8587 8806 8931 9029 9144 9247 9388 9561 9678 9812 9948 10041 10173 10443 10642 10908 11241 11260 11231 11220 11256 11364 11486 11541
2971 2742 2691 2691 2726 2830 2870 2876 2927 2976 3017 3035 3078 3139 3194 3269 3421 3616 3842 3872 3655 3360 3577 3940 4268 4058 3756 3492 3527 3560 3480 3272 3231 3214 3214 3280 3687 4313 4219 3746 3385 3325 3364 3734 4708 5274 4844 4564 4301 3931 3736 3579 3668 3716 3761 3880 4114 4408 4889 5372 5825 6161 6482 6929 7682 8196 8636 8922 9037 9115 9214 9353 9492 9632 9754 9884 10042 10174 10324 10666 10859 11124 11478 11497 11475 11465 11559 11738 11770 11592
3049 2882 2750 2713 2691 2691 2691 2766 2854 2974 3062 3055 3078 3170 3217 3338 3411 3480 3645 3702 3502 3332 3626 3945 4197 3974 3674 3409 3499 3606 3509 3285 3224 3214 3244 3474 3956 4364 4026 3725 3373 3325 3406 3688 4385 4798 4655 4351 4130 3879 3682 3523 3668 3726 3781 3888 4116 4365 4918 5363 5762 6049 6386 6953 7703 8362 8819 9026 9073 9139 9272 9415 9536 9680 9788 9933 10143 10299 10478 10839 11052 11301 11749 11864 11852 11817 11842 11576 11326 11003
3118 2963 2850 2743 2691 2700 2701 2724 2824 2944 2979 3026 3114 3410 3483 3467 3499 3396 3333 3332 3313 3320 3657 4051 4322 3755 3429 3444 3684 3760 3619 3281 3214 3216 3361 3657 4059 4418 3920 3640 3357 3330 3458 3780 4168 4519 4408 4171 4020 3770 3635 3533 3670 3731 3786 3905 4096 4305 4868 5273 5661 5987 6350 6912 7714 8389 8900 9071 9112 9155 9309 9426 9553 9711 9839 9986 10248 10398 10606 10830 11030 11250 11487 11527 11698 11736 11761 11221 10577 10273
3119 2925 2847 2754 2725 2708 2700 2712 2811 2969 3046 3140 3312 3456 3529 3617 3535 3462 3363 3289 3271 3335 3771 4203 4074 3557 3399 3744 3769 3600 3359 3227 3214 3262 3555 3926 4383 4384 3881 3584 3340 3345 3530 3803 3992 4233 4144 3994 3862 3678 3511 3652 3692 3738 3783 3916 4051 4315 4797 5152 5527 5944 6271 6602 7344 8206 8874 9128 9257 9315 9351 9427 9544 9684 9842 10010 10260 10384 10460 10376 10568 10700 10673 10695 10792 10831 10883 10664 9843 9268
3090 2991 2902 2832 2736 2729 2715 2715 2794 2955 3046 3182 3324 3486 3539 3649 3622 3568 3387 3237 3270 3339 3938 4119 3878 3395 3532 3844 3630 3381 3261 3214 3214 3274 3663 4074 4495 4309 3855 3617 3335 3325 3516 3731 3866 4021 4038 3893 3797 3568 3608 3691 3710 3740 3779 3921 4060 4297 4703 5094 5480 5890 6215 6630 7413 8295 8983 9213 9288 9304 9281 9302 9371 9487 9650 9797 9907 10035 10016 9816 10004 10053 9973 10003 10056 10018 10103 10100 9325 8838
2932 2950 2927 2854 2779 2767 2732 2757 2871 2960 3001 3157 3461 3663 3625 3599 3517 3408 3321 3205 3258 3382 3938 3844 3605 3395 3578 3819 3534 3311 3241 3214 3225 3283 3728 4207 4569 4193 3804 3587 3321 3318 3477 3604 3695 3943 3958 3855 3753 3544 3647 3690 3683 3733 3770 3947 4082 4291 4660 4967 5497 5830 6103 6689 7442 8345 9041 9180 9184 9118 9003 8977 9023 9092 9229 9266 9338 9535 9492 9222 9315 9420 9230 9175 9392 9329 9558 9515 8886 8452
2905 2907 2896 2884 2872 2867 2836 2856 2983 3109 3268 3112 3123 3269 3476 3485 3426 3369 3300 3205 3258 3501 3619 3541 3412 3395 3597 3663 3480 3283 3232 3214 3245 3310 3710 4063 4191 4003 3738 3536 3306 3298 3439 3572 3748 3955 4039 3883 3728 3589 3649 3663 3669 3726 3793 3966 4080 4234 4645 5003 5488 5792 6096 6715 7520 8299 8939 8906 8800 8681 8323 8284 8276 8390 8499 8496 8530 8672 8596 8451 8434 8777 8643 8711 8720 8561 8579 8614 8329 8025
2892 2897 2903 2901 2892 2887 2906 3025 3151 3258 3481 3342 3288 3246 3324 3396 3552 3456 3376 3205 3372 3533 3571 3428 3395 3395 3546 3672 3448 3286 3231 3219 3242 3290 3714 3888 3950 3832 3671 3465 3292 3280 3400 3586 3858 4226 4024 3892 3678 3533 3661 3656 3711 3724 3800 3958 4059 4244 4642 5039 5533 5779 6002 6560 7316 8075 8668 8582 8495 8430 8023 7874 7777 7879 8020 8084 8041 8016 7850 7756 7935 8211 8181 8303 8252 8010 7852 7790 7616 7391
2882 2910 2919 2913 2907 2917 2989 3081 3244 3433 3654 3604 3513 3299 3268 3348 3419 3336 3274 3205 3372 3608 3720 3475 3413 3395 3500 3492 3347 3261 3220 3212 3235 3280 3685 3764 3765 3689 3555 3393 3274 3301 3458 3631 3944 4325 3974 3846 3672 3535 3665 3652 3734 3656 3809 3950 4080 4328 4676 5001 5417 5748 5971 6428 7136 7942 8310 8239 8224 8180 7846 7546 7501 7435 7500 7577 7514 7507 7391 7249 7369 7570 7708 7794 7769 7602 7465 7196 7047 7175
2838 2884 2957 2979 2930 2940 2988 3102 3302 3630 3909 3871 3697 3437 3270 3381 3484 3414 3308 3206 3484 3762 3483 3395 3745 3528 3388 3264 3214 3207 3221 3279 3321 3476 3609 3635 3630 3572 3442 3289 3285 3454 3599 3776 4027 4179 3894 3803 3668 3557 3663 3642 3658 3683 3878 3984 4207 4461 4778 5094 5412 5735 5900 6329 6988 7414 7657 7688 7631 7583 7435 7368 7227 7140 7080 7053 6886 6824 6773 6773 6773 6773 6937 7014 7083 7074 6931 6807 7012 7387
2782 2804 2916 3021 3015 3015 2974 3148 3432 3711 3926 3930 3793 3467 3283 3290 3435 3388 3283 3200 3451 3594 3395 3395 4004 3576 3354 3230 3209 3272 3325 3521 3558 3577 3624 3644 3649 3599 3385 3226 3334 3539 3647 3867 4147 4210 3883 3783 3677 3450 3671 3587 3655 3722 3829 4069 4311 4584 5001 5300 5476 5771 5949 6302 6865 7132 7262 7326 7301 7273 7229 7197 7158 7075 7016 6916 6805 6773 6773 6773 6773 6773 6773 6773 6773 6773 6816 6826 7117 7574
2767 2787 2844 2999 3046 3070 2994 3169 3435 3721 3930 3933 3823 3527 3313 3241 3216 3216 3216 3274 3509 3570 3395 3515 3824 3590 3234 3191 3274 3418 3483 3564 3584 3608 3662 3682 3690 3623 3279 3240 3350 3480 3616 3941 4321 4513 4179 3809 3658 3441 3605 3535 3691 3738 3870 4162 4522 4755 5214 5430 5653 5806 6001 6318 6837 7083 7153 7167 7163 7161 7157 7146 7120 7055 6992 6901 6806 6773 6773 6773 6773 6773 6773 6773 6773 6773 6773 6811 6995 7534
2759 2784 2832 2922 3031 3084 3119 3176 3467 3713 3853 3847 3766 3623 3475 3317 3224 3216 3216 3252 3618 3855 3424 3426 3442 3155 3161 3249 3576 3526 3481 3464 3541 3555 3570 3487 3385 3303 3221 3264 3403 3501 3654 4045 4413 4683 4567 3918 3522 3679 3544 3535 3640 3771 3922 4391 4720 4935 5298 5495 5704 5830 6025 6393 6780 7085 7106 7117 7119 7117 7111 7103 7092 7041 6968 6845 6773 6773 6773 6773 6773 6773 6773 6773 6773 6773 6773 6773 6773 7189
2768 2777 2790 2901 3009 3069 3107 3199 3479 3666 3758 3734 3654 3580 3470 3316 3216 3216 3216 3319 3647 4009 3696 3333 3230 3155 3219 3361 3910 3569 3408 3361 3353 3286 3224 3189 3183 3203 3223 3366 3534 3591 3716 4078 4496 4412 4053 3728 3554 3495 3540 3535 3627 3678 3929 4039 4754 4999 5290 5468 5681 5849 6056 6427 6734 7030 7084 7096 7098 7095 7084 7081 7067 7023 6957 6825 6773 6773 6773 6773 6773 6773 6773 6773 6773 6773 6773 6773 6773 7018
2807 2781 2780 2859 2974 3032 3112 3296 3473 3576 3581 3560 3460 3432 3310 3216 3216 3216 3216 3248 3493 3770 3707 3311 3155 3226 3450 3686 3589 3415 3290 3285 3219 3169 3169 3169 3169 3270 3321 3511 3562 3599 3741 4108 4595 4407 3919 3693 3570 3511 3537 3528 3641 3775 4134 4606 4547 4889 5102 5336 5480 5849 6068 6431 6751 6984 7050 7069 7074 7072 7055 7046 7034 7001 6965 6826 6773 6773 6773 6773 6773 6773 6773 6773 6773 6773 6773 6773 6773 6856
2936 2827 2808 2836 2958 3022 3075 3164 3380 3442 3411 3341 3293 3207 3204 3223 3216 3216 3216 3402 3629 3845 3607 3165 3206 3664 3997 3999 3470 3282 3237 3191 3169 3169 3274 3412 3565 3684 3654 3548 3519 3555 3845 4338 4357 4158 3851 3688 3493 3448 3503 3513 3660 3776 4277 4830 5165 5133 5022 5285 5474 5817 6157 6438 6753 6954 7000 7030 7032 7027 7014 7001 6987 6968 6936 6801 6773 6773 6773 6773 6773 6773 6773 6773 6773 6773 6773 6773 6773 6773
2975 2904 2865 2838 2929 3013 3068 3143 3214 3295 3315 3293 3255 3366 3385 3336 3226 3223 3223 3466 3705 3827 3427 3155 3300 3699 3949 3771 3378 3253 3207 3170 3174 3396 3684 3730 3734 3724 3608 3519 3519 3613 3993 4422 4227 3918 3723 3622 3504 3412 3411 3471 3640 3823 4275 5083 5466 5478 5160 5283 5364 5771 6190 6529 6807 6949 6989 7006 7004 6993 6979 6966 6955 6871 6797 6773 6773 6773 6773 6773 6773 6773 6773 6773 6773 6773 6773 6773 6773 6773
2976 2986 2909 2869 2937 3019 3068 3102 3130 3166 3193 3257 3420 3481 3578 3698 3465 3293 3199 3332 3640 3741 3336 3155 3360 3722 3768 3655 3318 3199 3169 3230 3544 3663 3730 3735 3697 3588 3519 3519 3532 3779 4291 4434 4160 3846 3715 3681 3529 3398 3437 3480 3631 3833 4270 5156 5711 5863 5463 5245 5458 5836 6219 6595 6843 6937 6975 6981 6976 6965 6930 6845 6797 6797 6797 6797 6804 6853 6834 6823 6828 6872 6974 6980 6905 6839 6773 6773 6773 6773
2922 2986 2955 2923 2922 3011 3065 3103 3170 3176 3240 3486 3715 3762 3613 3449 3374 3213 3206 3376 3674 3618 3313 3155 3276 3658 3671 3646 3330 3169 3170 3378 3541 3613 3689 3714 3666 3549 3519 3519 3652 4013 4476 4308 3986 3767 3675 3593 3516 3396 3438 3488 3627 3839 4211 5102 5714 6132 5676 5333 5347 5980 6286 6494 6695 6819 6885 6898 6854 6803 6834 6957 7023 6991 7069 7163 7154 7092 7258 7424 7535 7754 7905 7914 7639 7478 7197 6773 6773 6773
2909 2923 2935 2941 2937 2979 3053 3100 3187 3205 3294 3552 3820 4006 3807 3572 3230 3178 3463 3440 3669 3665 3385 3155 3164 3432 3523 3570 3307 3169 3170 3296 3448 3520 3688 3718 3686 3526 3519 3519 3860 4162 4438 4094 3842 3695 3673 3541 3435 3403 3444 3494 3630 3882 4227 5066 5705 6141 5893 5410 5304 5883 6229 6394 6737 6774 6783 6844 6927 7057 7201 7429 7489 7234 7382 7776 7675 7530 7799 8177 8418 8626 8758 8683 8395 8040 7561 7110 6773 6773
2905 2917 2928 2944 2966 2978 2992 3151 3218 3230 3356 3693 3838 3817 3804 3485 3208 3186 3327 3456 3643 3721 3486 3196 3155 3233 3369 3497 3293 3165 3170 3251 3396 3472 3659 3717 3703 3532 3519 3677 4002 4471 4486 4133 3858 3670 3659 3509 3403 3407 3458 3510 3690 3895 4182 5026 5647 6069 6034 5608 5377 5791 6058 6729 7298 7125 7094 7219 7308 7580 7811 8014 8021 7545 8006 8436 8350 8228 8005 8683 9024 9325 9502 9438 9185 8782 8229 7684 7103 6818
2901 2913 2924 2935 2970 2990 3006 3040 3200 3278 3358 3554 3793 3831 3629 3361 3145 3161 3251 3595 3714 3752 3608 3419 3243 3155 3165 3392 3247 3165 3165 3195 3298 3366 3540 3672 3667 3519 3537 3743 4187 4549 4340 4057 3827 3642 3543 3383 3371 3471 3529 3527 3746 3888 4271 5013 5619 5966 6053 5731 5401 5768 6278 7164 7768 7838 7821 8021 8292 8496 8475 8785 8576 8042 8596 8981 9049 8921 8695 9151 9812 10158 10321 10195 10049 9410 8943 8319 7633 7356
2897 2911 2919 2950 2974 2983 3011 3029 3063 3219 3426 3563 3737 3702 3582 3301 3152 3152 3179 3520 3760 3678 3622 3630 3580 3225 3155 3308 3199 3165 3165 3182 3257 3291 3442 3513 3532 3564 3600 3814 4302 4503 4274 4034 3802 3671 3531 3377 3376 3453 3479 3525 3749 3981 4320 5029 5595 5921 5995 5735 5448 5749 6313 7129 7962 8256 8250 8447 8810 9046 9013 9237 8939 8494 8921 9411 9663 9585 9341 9530 10134 10499 10585 10612 10481 9821 9228 8742 8249 7865
2896 2907 2916 2979 2992 2994 3045 3028 3025 3081 3255 3489 3665 3646 3477 3248 3152 3152 3159 3492 3639 3682 3717 3929 3542 3190 3155 3271 3167 3165 3165 3170 3226 3282 3380 3419 3493 3581 3729 3955 4479 4433 4180 3884 3773 3658 3481 3370 3381 3509 3512 3528 3741 4068 4511 5168 5625 5958 5930 5603 5457 5728 6218 7014 7936 8481 8641 8714 9012 9227 9349 9413 9177 8923 9266 9684 10105 10201 10066 9718 10401 10577 10744 10833 10688 10211 9667 9112 8707 8310
2894 2911 2921 2930 2952 2980 3043 3063 3025 3025 3182 3393 3651 3716 3544 3307 3152 3152 3156 3328 3508 3602 3705 3626 3424 3156 3168 3192 3165 3170 3165 3170 3218 3273 3350 3414 3538 3676 3843 3988 4386 4362 4155 3917 3755 3613 3426 3365 3405 3536 3536 3534 3766 4208 4748 5364 5801 6009 6128 5837 5535 5699 6063 6843 7757 8494 8788 8903 9107 9221 9402 9461 9496 9564 9781 10053 10285 10434 10528 10521 10544 10535 10606 10732 10857 10563 10323 9750 9050 9056
2895 2907 2915 2926 2948 2976 3002 3113 3052 3025 3177 3437 3684 3995 3749 3385 3161 3152 3152 3362 3456 3540 3532 3511 3352 3159 3169 3170 3164 3170 3170 3168 3213 3259 3348 3442 3549 3739 3880 4007 4370 4401 4171 3906 3781 3614 3427 3353 3410 3538 3536 3540 3783 4276 4804 5473 5840 6093 6235 5962 5587 5713 6082 6755 7667 8304 8695 8860 9079 9182 9348 9430 9517 9628 9786 10032 10246 10279 10317 10330 10336 10355 10513 10647 10824 10774 10485 10090 9686 9696
2900 2913 2920 2924 2982 2983 2987 3114 3106 3026 3189 3406 3722 4012 4052 3738 3269 3152 3152 3230 3352 3441 3490 3371 3270 3146 3151 3157 3159 3170 3170 3169 3209 3256 3338 3412 3519 3712 3859 4020 4303 4333 4109 3888 3785 3555 3416 3299 3412 3539 3515 3539 3828 4275 4765 5456 5847 6111 6191 5979 5598 5736 6016 6725 7509 8212 8594 8774 8852 8925 9051 9228 9366 9478 9600 9797 10063 10109 10164 10170 10167 10273 10481 10640 10795 10873 10572 10223 10006 9988
