data/snohomish_elev_100m_gdalwarp.asc
ncols        893
nrows        908
xllcorner    555765.000000000000
yllcorner    5244985.000000000000
cellsize     100.000000000000
NODATA_value 0
[rows 400 to 439 of 908, columns 540 to 629 of 893]
2445 2541 2636 2732 2871 3002 3133 3438 3623 3758 3985 4175 4273 4297 4340 4418 4533 4607 4648 4732 4885 5061 5140 5177 5197 5287 5347 5336 5426 5507 5739 5915 6182 6466 6784 6927 7166 7544 7806 8055 8422 8715 9029 9179 9116 9779 10350 10925 11014 11182 11234 11250 10775 10352 11007 12159 13398 14292 14979 15357 15039 14635 14300 13940 13980 14349 15033 15889 16528 16740 16075 15950 15388 14248 14203 13537 13597 13735 13915 14417 13464 12364 11252 10525 10205 10268 10897 11518 12005 12355
2365 2493 2563 2613 2711 2781 2973 3213 3241 3326 3538 3693 3777 3833 3921 3976 4095 4340 4591 4775 4870 4933 5047 5130 5116 5113 5181 5254 5186 5279 5410 5686 5902 6065 6340 6544 6675 7076 7320 7589 7986 8212 8396 8475 8632 9485 10037 10242 10295 10533 10548 10520 10236 9729 10492 11093 12715 13614 14609 14920 13978 14090 13768 13440 13614 14280 15004 15830 16209 16185 15499 15274 15639 14728 14902 14573 14264 14433 14740 14274 13273 12440 12060 11204 10973 11082 11448 11958 12480 12585
2266 2461 2520 2555 2646 2738 2955 3098 2998 3012 3203 3211 3287 3408 3590 3710 4073 4353 4548 4710 4763 4881 5023 5021 4978 4861 4962 5033 4993 5072 5207 5424 5590 5805 5957 6135 6425 6794 6947 7182 7550 7772 7926 7736 8337 9167 9502 9765 9480 9647 9625 9720 9539 9092 9765 10818 11562 12085 13603 13970 13310 13287 13125 13000 13255 13970 14658 15705 15914 15547 14920 14507 14600 15190 15368 15625 15250 15442 15769 14945 13775 12760 12478 12093 11742 11590 11555 12295 12790 12944
2121 2304 2613 2957 3007 2733 2777 2793 2706 2612 2466 2455 2485 2603 2951 3353 3830 4103 4386 4805 4871 4811 4723 4646 4583 4560 4636 4713 4792 4858 4971 5093 5270 5420 5614 5881 6167 6402 6564 6642 6836 7065 7192 7090 7699 8176 8412 8545 8505 8691 8705 8834 8732 8781 9539 10207 10499 10582 11475 11859 12158 12397 12372 12160 12897 13655 14510 14547 14515 14504 13894 13792 14018 14620 15497 16562 16769 16858 17090 15983 14352 13495 12995 12768 12620 12453 12499 12800 13380 13568
2078 2291 2692 2943 2728 2638 2580 2508 2361 2271 2245 2260 2290 2443 2735 3618 4158 4408 4663 4598 4523 4466 4422 4377 4322 4351 4522 4633 4643 4770 4868 4938 4998 5247 5471 5675 5869 5994 6091 6241 6310 6516 6727 6672 7131 7320 7502 7677 7757 7944 8047 8097 7856 8597 8962 9605 9824 10122 10798 10952 11310 11312 11560 11523 12227 13037 14012 13775 13797 13529 13519 14013 13895 14752 15690 16693 17578 17447 17389 16097 14605 13875 13283 13164 13093 12967 12928 13143 13740 14320
2026 2295 2588 2516 2360 2301 2233 2141 2086 2111 2096 2119 2191 2261 2390 3201 4002 4263 4293 4268 4226 4175 4168 4153 4126 4243 4453 4533 4586 4728 4765 4853 4925 5005 5222 5392 5552 5612 5727 5917 5987 6142 6350 6462 6676 6827 6914 7135 7282 7419 7417 7376 7896 8264 8517 8916 9090 9712 10255 10327 10470 10458 10537 10870 12033 12782 13174 12892 12892 12752 13015 13602 14142 14854 15750 16684 17840 18180 17685 16790 15313 14662 14008 13515 13380 13390 13332 13460 14144 13987
2096 2061 2061 2065 2070 2074 2170 2231 2268 2306 2281 2231 2146 2145 2250 2489 3295 3458 3626 3871 3900 3851 3908 3930 3916 4053 4218 4258 4527 4613 4685 4770 4826 4877 4926 5065 5139 5392 5659 5861 5752 5866 5925 6062 6107 6250 6340 6502 6674 6889 6904 7194 7475 7655 7899 8012 8450 8825 9331 9495 9552 9377 10037 10957 11835 12063 12042 12100 12482 12699 13160 13867 14475 14875 15512 16375 17249 17668 17578 17705 16744 16128 15055 14625 14085 13899 13757 13467 13210 12959
2045 2051 2111 2200 2229 2264 2309 2475 2578 2561 2403 2340 2221 2113 2216 2286 2641 2803 3253 3693 3673 3608 3748 3782 3795 3867 3951 4316 4491 4545 4603 4698 4768 4790 4835 4910 5111 5387 5534 5617 5479 5546 5679 5806 5911 5965 6035 6211 6376 6582 6822 6952 7122 7215 7422 7581 7912 8209 8752 8919 8874 9607 10145 10554 10974 11352 11150 12050 12228 12893 13367 13988 14162 14147 14807 16025 16359 17025 16587 16903 17157 16595 16392 15230 14785 13914 13362 12972 12610 12492
2196 2213 2251 2266 2310 2349 2446 2673 2851 3033 2681 2473 2308 2116 2199 2253 2363 2675 3087 3553 3477 3396 3557 3568 3610 3658 3877 4126 4383 4513 4502 4643 4757 4738 4776 4855 4973 5115 5172 5113 5184 5211 5430 5609 5726 5807 5902 5992 6171 6501 6580 6657 6819 7047 7164 7197 7461 7756 8111 8285 8887 9362 9679 10015 10563 10660 10624 11230 11453 11815 12454 13128 13378 13602 13994 15242 15559 15570 15793 16415 16915 17368 16600 16232 14610 13495 12929 12540 12313 12239
2346 2306 2333 2338 2430 2558 2521 2788 3026 3293 2867 2630 2439 2156 2121 2233 2316 2648 3081 3058 3016 3233 3362 3385 3632 3863 4053 4250 4408 4293 4342 4532 4598 4633 4762 4761 4807 4713 4563 4785 5141 5389 5454 5381 5747 5900 5849 5842 5927 6129 6230 6552 6841 6939 6954 6944 7101 7244 7457 7817 8274 8687 9010 9167 9606 9691 9894 10395 10723 11080 11590 12183 12675 12752 13034 13637 13998 14650 15402 16089 16825 17697 16820 15987 14362 13478 12817 12379 12065 12062
2526 2499 2646 2486 2474 2723 2788 2813 3228 3186 2745 2576 2391 2166 2126 2221 2355 2651 2733 2750 2930 3143 3292 3482 3742 3958 4148 4190 4241 4180 4250 4387 4388 4563 4693 4643 4506 4385 4725 4988 5365 5551 5657 5760 5882 6015 6090 6054 6077 6122 6162 6555 6702 6795 6847 6879 6965 7105 7237 7329 7636 8102 8442 8717 9007 9025 9587 9890 10254 10610 10999 11495 12072 12210 12105 12924 14065 14593 15162 15995 16235 15985 16029 15625 14619 13697 12940 12370 11967 11887
2616 2756 2825 2573 2496 2727 3093 2970 3172 3018 2705 2632 2481 2256 2131 2195 2350 2471 2571 2905 3222 3248 3327 3488 3600 3923 3987 3987 4055 4088 4132 4180 4267 4511 4637 4500 4207 4465 4653 4805 5090 5382 5669 6024 6281 6315 6481 6351 6342 6201 6236 6276 6607 6657 6707 6820 6889 6977 7079 7097 7229 7677 7917 8291 8454 8811 9206 9509 9801 10206 10460 10840 11213 11562 11448 12258 13627 14354 14527 14968 14770 14912 15095 15147 14738 13787 12997 12457 11987 11850
2897 3041 2898 2740 2565 2628 2843 3318 3433 3298 2941 2658 2618 2471 2288 2136 2320 2485 2610 2903 3270 3446 3493 3578 3718 3838 3828 3816 3842 3903 3923 4243 4642 4798 4543 4258 4052 4305 4645 4808 5076 5439 5855 6349 6767 7122 7320 7344 6946 6571 6682 6762 6580 6657 6715 6737 6811 6841 6906 6915 6817 7086 7396 7682 8059 8284 8504 8862 9204 9487 9767 10055 10350 10647 10740 11347 11717 12498 13082 13590 13183 13324 13470 13677 13980 13974 13410 13055 12380 11999
3126 3267 3008 3087 2675 2643 2861 3256 3372 3248 2978 3023 2886 2582 2476 2238 2255 2478 2718 2998 3153 3420 3568 3650 3657 3646 3668 3612 3675 3697 3982 4520 4745 4878 4577 4233 3961 4243 4507 4747 5140 5566 5990 6577 7132 7866 8212 8157 7905 7259 7162 6985 6852 6697 6835 6747 6750 6791 6837 6827 6777 6806 7129 7435 7582 7860 8069 8434 8732 8937 9162 9515 9705 9960 10141 10604 11000 11490 11898 12145 12189 12315 12394 12849 12880 13443 13933 13700 12932 12489
3116 3322 3337 3088 2678 2768 2801 3208 3313 3241 3436 3413 2997 2700 2583 2346 2200 2423 2660 2998 3170 3351 3502 3488 3438 3466 3458 3482 3592 3845 4177 4758 4851 4767 4483 4205 3818 4218 4417 4688 5102 5419 5872 6546 7241 8042 9002 8946 8281 7904 7739 7485 7272 6962 6921 6866 6762 6745 6765 6767 6777 6796 6927 7161 7166 7350 7637 7936 8212 8422 8730 8955 9174 9356 9791 10081 10440 10905 10940 11382 11622 11469 11907 12165 12280 12888 13290 13790 13634 13084
3068 3443 3322 2978 2765 2880 3103 3316 3313 3462 3470 3463 3140 2833 2568 2399 2151 2310 2461 2627 2816 3105 3145 3173 3383 3387 3408 3471 3665 3798 4082 4357 4428 4445 4301 3888 3830 4210 4398 4568 4988 5311 5801 6470 7265 8126 9240 9671 9377 9069 8780 8332 7956 7679 7210 7011 6922 6825 6792 6779 6787 6801 6812 6910 6934 6936 7046 7440 7614 7767 8002 8262 8527 8772 9141 9419 9759 9946 10056 10414 10554 10614 11177 11357 11625 12098 12445 13210 14114 13625
3072 3447 3198 2920 2837 2893 3091 3375 3368 3276 3165 3258 3306 2942 2771 2720 2218 2216 2324 2414 2631 2773 2916 3312 3552 3638 3688 3577 3576 3638 3750 4016 4071 4117 3918 3620 3823 4175 4360 4535 4892 5187 5651 6297 7017 7696 8592 9262 9880 9750 9314 9025 8584 8219 7787 7494 7187 7027 6842 6810 6792 6807 6817 6827 6869 6902 6920 6945 7252 7396 7622 7869 8130 8264 8507 8830 9254 9421 9555 9867 9880 10136 10584 10734 11205 11517 12027 12772 14010 13565
3148 3333 3096 2900 2966 3026 3077 3442 3393 3290 2963 2916 3170 3031 2927 2738 2403 2159 2226 2318 2364 2640 3203 3433 3440 3568 3751 3778 3830 3683 3626 3781 3768 3698 3565 3765 3943 4126 4353 4527 4848 5162 5577 6204 6607 7317 8357 9020 9682 10394 9950 9664 9059 8655 8492 8161 7840 7387 7147 6952 6862 6817 6827 6837 6862 6881 6895 6910 6932 7100 7529 7717 7884 7922 8034 8209 8607 8775 9025 9266 9395 9802 10070 10226 10454 11072 11595 12272 13120 12914
3448 3297 3048 3098 3083 3178 3158 3370 3331 3273 3043 2833 2828 2793 2560 2436 2299 2224 2166 2216 2269 2346 2763 2968 3021 3121 3306 3482 3563 3573 3466 3508 3633 3413 3761 4008 4136 4242 4428 4552 4828 5103 5482 6017 6487 7281 8404 9380 10604 11178 10945 10478 9894 9465 9196 8876 8457 8210 7802 7406 7204 7022 6924 6882 6882 6921 6971 7021 6927 6937 7182 7355 7456 7495 7484 7676 8019 8171 8386 8567 8999 9257 9319 9640 10002 10338 10865 11503 12090 11920
3525 3262 3232 3232 3166 3198 3228 3331 3170 3021 2818 2660 2580 2561 2411 2441 2318 2281 2256 2171 2211 2251 2340 2538 2687 2743 2867 2897 2910 3000 2951 3078 3335 3627 4023 4368 4658 4640 4470 4558 4851 5147 5510 6019 6556 7284 8014 9145 10104 11110 11735 11152 10627 10102 9922 9606 9275 8820 8392 7872 7681 7457 7290 7139 7131 7315 7436 7410 7256 7055 6957 7085 7172 7245 7230 7352 7627 7832 7952 8257 8492 8827 9092 9135 9532 9892 10440 11020 11490 11393
4375 3363 3413 3276 3288 3260 3333 3277 3108 2945 2777 2855 2800 2526 2772 2837 2421 2391 2351 2203 2176 2200 2261 2308 2373 2430 2605 2687 2536 2898 3328 3553 3685 3895 4041 4123 4200 4636 4473 4517 4863 5184 5536 6016 6631 7141 8036 9091 9875 11022 11724 11948 11340 11105 10895 10408 9750 9534 8947 8744 8145 7989 7814 7634 7646 7752 7856 7767 7720 7485 7175 7057 7067 7050 7096 7127 7347 7569 7679 7845 8109 8339 8705 8784 8994 9411 9741 10342 10990 10565
4103 4171 3823 3480 3752 3356 3443 3115 3025 3055 2995 3143 3001 2893 2957 2733 2508 2485 2381 2221 2208 2186 2221 2253 2279 2321 2496 2458 2725 3152 3468 3378 3463 3595 3783 3965 4223 4470 4397 4438 4813 5149 5431 5862 6595 7164 8222 9072 10082 11240 11515 11727 12080 12323 11749 10992 10858 10419 10044 9582 9236 8952 8612 8416 8370 8182 8251 8247 8199 8129 7705 7610 7447 7402 7405 7389 7232 7364 7466 7512 7654 7964 8100 8241 8367 8790 9056 9526 9852 9962
4953 4966 4688 4540 3593 3548 3330 3193 3275 3325 3183 3175 3008 2932 2797 2648 2546 2561 2405 2234 2218 2198 2201 2224 2246 2283 2361 2371 2651 2970 3093 3132 3415 3540 3728 4147 4443 4440 4243 4372 4723 5003 5336 5917 6524 7112 8191 9191 10116 11063 11133 11317 11627 11935 12214 11982 11562 11267 10638 10107 9855 9645 9266 9194 9057 8569 8584 8585 8606 8471 8294 8102 7922 7895 7806 7719 7479 7400 7427 7382 7485 7607 7772 7952 7921 8402 8712 9055 9365 9641
5861 6570 6091 4745 4221 3958 3798 3588 3363 3191 3055 2957 2843 2743 2652 2603 2583 2577 2451 2248 2233 2213 2193 2205 2229 2231 2226 2279 2421 2685 2853 3350 3536 3622 3888 4148 4263 4196 4162 4366 4538 4908 5297 5851 6401 7097 8186 9249 10015 10662 10698 10947 11182 11405 11680 12085 12483 11820 11160 10888 10480 10314 9852 9917 9839 9224 8979 8932 9027 8970 9179 8879 8501 8419 8219 8199 7816 7710 7772 7382 7382 7420 7530 7659 7682 8085 8419 8672 9085 9399
7376 7257 6999 6262 5095 4633 4096 3753 3378 3026 3003 2840 2726 2647 2526 2486 2436 2426 2451 2265 2251 2235 2219 2216 2216 2216 2216 2233 2334 2632 2983 3316 3432 3631 3761 3865 4040 4185 4152 4275 4468 4773 5127 5691 6234 6812 7911 8916 9864 10182 10071 10315 10649 10815 11042 11419 11705 11979 11988 11574 11285 11015 10764 10930 10450 9824 9677 9471 9626 9769 10325 10589 9812 9157 8936 8804 8557 8231 8165 7722 7417 7392 7395 7415 7424 7667 7920 8280 8655 8909
8072 7965 7017 6026 5187 4590 4090 3617 3173 3186 3428 3108 2932 2688 2800 2697 2501 2316 2300 2278 2265 2253 2243 2233 2221 2216 2216 2216 2300 2583 2971 3340 3415 3496 3670 3848 4120 4427 4298 4245 4433 4701 5107 5607 6146 6752 8040 8787 9402 9639 9662 9854 10039 10370 10580 10862 11185 11445 12005 12290 11950 11492 11398 11404 10584 10280 10245 10054 10242 10372 11010 11285 10655 10022 9737 9295 8864 8641 8444 8089 7814 7532 7451 7430 7421 7432 7612 7979 8212 8582
8479 8019 7047 6047 5065 4927 5359 5821 5142 4350 3760 3361 2955 3015 3048 2848 2559 2348 2300 2289 2285 2276 2265 2259 2241 2226 2216 2226 2283 2471 2820 3110 3217 3418 3488 3563 3916 4398 4523 4532 4402 4631 4930 5486 6050 6610 7532 8177 8527 8964 9192 9387 9537 9904 10052 10410 10568 10945 11530 12155 12475 11908 11965 11582 10875 10857 10852 10874 11270 11024 11700 12315 12217 11348 10819 10455 9462 9420 9006 8386 8175 7865 7736 7630 7522 7436 7522 7650 7946 8335
8696 8107 7277 6227 6362 7055 7399 7524 6397 5118 3731 4501 3538 3072 2913 2908 2730 2413 2311 2298 2310 2305 2291 2294 2303 2261 2216 2228 2271 2306 2640 2880 3070 3111 3208 3357 3656 4051 4268 4438 4675 4791 4928 5267 5542 5905 6562 7212 7697 8100 8509 8810 8977 9417 9474 9616 9831 10135 10924 11588 12068 12617 12845 12067 11722 11710 11753 12090 12435 12082 12827 14090 14990 14125 13965 13010 11015 10672 9982 9326 8791 8364 8107 7902 7691 7510 7567 7722 8066 8327
8920 7774 6805 6657 6950 7801 8170 7972 6225 5081 5754 5088 3683 3480 3212 2953 2661 2436 2313 2300 2315 2316 2304 2308 2316 2284 2216 2225 2266 2286 2371 2742 2828 3020 3311 3393 3672 3982 4073 4148 4331 4491 4612 4786 5126 5487 6124 6434 6832 7561 8067 8394 8694 8972 8931 9102 9324 9737 10430 10982 11508 11982 12525 12915 12587 12565 12825 13148 13294 12810 13887 15225 16425 17105 16630 14083 12525 12473 11080 10145 9465 8637 8247 7974 7715 7627 7652 7932 8347 8542
8645 7402 7777 7932 7879 7991 8657 7841 6251 5572 6060 4693 4538 3865 3208 2957 2816 2468 2321 2304 2316 2316 2315 2316 2316 2316 2213 2219 2261 2276 2298 2546 2816 3023 3425 3672 3693 3792 3827 3848 3952 4068 4162 4355 4713 5146 5631 5951 6455 7130 7649 7854 8261 8552 8479 8692 9010 9327 9792 10297 10727 11395 11954 12507 12979 13339 13818 14453 14047 13554 14277 15924 16845 17658 17513 16610 14875 12895 12015 10432 9465 9202 8731 8371 8077 7931 7831 7937 8402 8632
9027 9101 9087 8664 8727 8856 8942 7416 6317 7509 5536 5576 4811 4298 4222 3666 3192 2817 2424 2313 2311 2316 2315 2311 2314 2315 2254 2216 2244 2264 2279 2311 2595 2867 3138 3286 3325 3378 3245 3287 3301 3332 3565 3908 4262 4656 5117 5531 5956 6895 7286 7399 7684 7812 7897 8082 8374 8825 9260 9624 9954 10743 11189 11579 12377 12960 13679 14530 14477 14309 14917 15910 16830 17588 18279 17997 14647 13427 11735 10685 10523 9874 9585 9132 8676 8301 8041 8027 8419 8550
10067 9615 9176 8987 8999 9169 9152 7437 7924 7482 6597 5632 4803 5147 4523 4056 3618 3583 2692 2389 2316 2314 2316 2311 2310 2308 2273 2226 2226 2256 2268 2290 2343 2515 2690 2750 2830 2930 3065 2887 2853 3130 3358 3778 4058 4258 4560 5166 5679 6647 7001 7166 7319 7484 7494 7605 7979 8370 8815 9127 9656 10095 10690 11245 12057 12728 13423 14480 14950 14675 14824 15333 16155 17243 17752 16990 14680 12989 11569 11317 10825 10535 9996 9622 9286 8497 8241 8152 8307 8550
10270 9730 9049 8917 9134 9276 8922 8691 8582 7827 6572 5769 6031 5412 4708 4688 4473 3585 3555 2776 2534 2326 2315 2316 2316 2320 2306 2253 2216 2243 2260 2278 2298 2316 2386 2465 2568 2806 3017 2848 2663 2881 3045 3460 3788 3987 4256 4608 5087 5857 6687 6985 7031 7139 7182 7341 7641 7947 8424 8822 9049 9742 10147 10593 11648 12447 13254 14015 14750 15135 15047 15230 15644 16544 17397 16480 14294 12895 12075 11648 11394 10943 10572 10175 9557 8666 8526 8332 8255 8542
9901 9267 8869 8690 8829 8857 9054 9375 9117 8247 6906 6872 6802 5577 5537 5661 5506 4998 4533 3651 2858 2617 2316 2315 2315 2338 2343 2305 2216 2230 2245 2266 2283 2296 2326 2388 2449 2473 2726 2702 2562 2898 3345 3327 3481 3728 4065 4318 4795 5444 6112 6571 6415 6617 6717 6872 7096 7472 7937 8080 8529 9067 9617 10365 11290 11795 12499 13375 13605 14390 15605 16515 17233 17498 17053 15947 13924 13135 13115 12910 11935 11425 11005 10303 9812 9014 8777 8606 8496 8547
9620 9109 8720 8436 8489 8511 8834 9182 9317 8517 7890 7886 7039 6151 6555 5940 6224 5669 5108 3927 3091 2897 2465 2315 2321 2356 2365 2336 2236 2226 2256 2268 2278 2289 2304 2315 2403 2410 2446 2498 2423 2721 3407 3411 3453 3642 3898 4171 4486 5255 5729 6212 6014 6231 6329 6542 6932 7152 7357 7791 8171 8767 9377 10074 10860 11545 12115 12825 13369 13937 15274 16180 16862 18074 17832 16260 14355 14038 14015 12942 12333 11910 10974 10345 9937 9532 9089 8917 8792 8767
9207 8816 8540 8261 8276 8400 8656 8927 9122 8635 9007 8237 7172 7394 7124 6695 6476 5805 5206 4018 3658 3130 2636 2354 2338 2379 2388 2363 2289 2218 2260 2270 2275 2284 2299 2314 2321 2378 2391 2395 2405 2643 3043 3263 3227 3471 3850 4125 4393 4681 5282 5824 5807 5821 6004 6380 6584 6819 7177 7540 8004 8644 9232 9877 10587 11172 11617 12562 13027 13704 15020 15667 16383 17015 17097 16482 15198 15073 13920 13120 12689 11927 11215 10830 10432 10277 9690 9247 8999 9042
8687 8392 8172 7922 8092 8180 8392 8631 8976 9141 9187 8540 8690 8245 7796 7796 6845 6037 5420 4915 4327 3897 2967 2668 2434 2411 2428 2446 2343 2258 2255 2266 2271 2281 2299 2311 2329 2353 2361 2366 2386 2405 2430 2855 2798 3056 3451 3623 3892 4135 4528 5157 5392 5331 5585 5984 6321 6605 7086 7511 7925 8509 9085 9557 10303 10840 11215 12220 12745 13287 13928 14983 15432 15578 16998 17557 16445 15144 13982 13172 12465 12068 11873 11584 11400 10677 10267 9907 9852 9890
8502 8102 7905 7782 7832 8016 8182 8564 8839 8854 8921 9184 9187 8666 8299 8054 7409 6942 6285 5564 4697 5037 3553 2943 2656 2431 2568 2431 2370 2319 2239 2261 2266 2279 2304 2311 2321 2341 2349 2359 2376 2388 2401 2429 2551 2660 2933 3210 3470 3692 4121 4627 5081 4977 5325 5842 6186 6527 7059 7465 7849 8412 8880 9371 9947 10445 11115 11825 12205 12715 13654 13960 14528 15544 16337 16973 16845 15314 14104 13309 12653 12475 12278 11969 11759 11485 11030 10557 10713 10667
8277 7907 7772 7677 7717 7867 8089 8501 8517 8532 8680 8879 9012 8901 8484 8300 8239 8032 7126 5712 6007 5387 3871 3261 2893 2652 2605 2454 2386 2340 2285 2234 2258 2271 2316 2321 2326 2336 2343 2351 2366 2378 2388 2408 2433 2536 2686 2835 3040 3372 3755 4122 4650 4895 5121 5550 5964 6311 6887 7312 7712 8262 8704 9162 9657 10214 10748 11298 11785 12315 12937 13654 14105 14765 15633 16072 16024 15032 14134 13423 12838 12769 12629 12283 12113 11957 11759 11425 11528 11524
8346 7816 7611 7547 7570 7737 7932 8051 8095 8219 8342 8504 8725 8905 8660 8752 8211 7772 7402 6747 6202 5254 4153 3598 3232 2952 2640 2520 2408 2328 2310 2319 2274 2246 2281 2309 2321 2326 2331 2338 2351 2361 2371 2391 2409 2436 2670 2822 3023 3296 4066 4326 4533 4622 4878 5222 5457 5969 6702 7092 7497 8029 8437 8782 9274 9724 10180 10892 11250 11717 12438 12838 13768 14342 14724 15327 15988 14990 14220 13507 13183 13157 13018 12899 12829 12640 12555 12470 12265 12274
