data/stillaguamish_elev_100m_gdalwarp.asc
ncols        716
nrows        506
xllcorner    544725.000000000000
yllcorner    5316655.000000000000
cellsize     100.000000000000
NODATA_value 0
[rows 287 to 327 of 506, columns 460 to 551 of 716]
8097 8184 8448 8723 8920 9043 9064 8982 8632 8834 8909 8898 8762 8517 8064 7711 7620 7590 7609 7602 7427 6772 6409 6296 6140 6091 5981 5713 5533 5343 5488 5715 5805 5851 5892 5932 6227 6393 6555 6742 6992 7393 7974 8312 8732 9299 9242 10429 10770 12153 12678 12584 13199 13893 13925 14285 14712 15208 15818 16489 17046 16899 16278 15164 14375 13742 13262 12880 12896 12956 12816 12666 12768 13045 13483 13915 14290 14651 15631 15694 15160 14873 14477 14088 13463 13019 12553 11874 11328 10890 10241 10003
8244 8379 8501 8906 9101 9135 9184 9043 9022 9124 9210 9318 9414 9151 8662 8205 7965 7931 8073 8082 7866 7105 6684 6411 6291 6236 6045 5896 5763 5601 5520 5480 5650 5778 5802 5964 6339 6397 6526 6694 6800 7046 7571 7915 8261 8516 9044 9473 10775 11617 11810 11594 12486 12639 13132 13758 14181 14588 15110 16081 16317 16192 15910 14970 14181 13706 13026 12525 12510 12836 12751 12592 12505 12737 13219 13442 13823 14332 15577 16107 15351 14781 14358 13987 13329 12868 12451 11837 11340 10991 10435 10082
8518 8666 9199 9284 9289 9294 9270 9236 9245 9322 9511 9948 10340 10031 9601 8855 8642 8611 8652 8687 8595 7896 7171 6688 6452 6313 6223 6139 6015 5881 5794 5647 5497 5640 5740 5932 6194 6371 6587 6796 6967 7127 7288 7479 7677 7770 8264 8900 9773 9913 10387 10642 11129 11549 11630 12922 13025 12524 14265 14852 15187 14924 14854 14133 13748 13410 12915 12122 12009 12332 12219 12108 12487 12719 13011 13269 13681 14171 15413 16219 15469 14755 14234 13874 13336 12973 12455 11860 11405 10956 10556 10060
8977 8977 9205 9292 9330 9343 9351 9387 9406 9418 9617 10131 10765 10415 9914 9173 9113 9120 9197 9103 8917 8357 7923 7215 6555 6392 6314 6256 6118 6061 5928 5818 5616 5654 5842 5978 6368 6588 6709 6991 7083 6910 7146 7291 7378 7576 7815 8191 8675 8977 9156 10126 10381 9892 10556 10882 11111 11318 11547 13453 13410 13650 14375 13811 13463 13067 12698 12094 12009 12052 12110 12459 12886 13195 13380 13599 13871 14243 15042 16061 15332 14755 14304 13938 13352 13003 12559 11929 11519 11096 10467 9994
9247 9272 9282 9321 9357 9380 9434 9461 9485 9527 9642 10109 10737 10510 10162 9741 9703 9753 9746 9373 9052 8672 8211 7853 6900 6499 6410 6304 6208 6166 6013 5842 5665 5718 5929 6155 6388 6635 6871 7003 6882 6660 6932 7023 7251 7262 7375 7560 7881 8030 8444 9367 9349 9097 9479 9829 10108 10839 11212 11289 12217 13200 13937 13580 13127 12837 12419 12009 12009 12163 12570 13178 13540 13717 13945 14051 14269 14682 15627 15715 15255 14741 14365 13957 13308 12900 12560 12065 11556 11200 10665 10108
9535 9662 9465 9431 9461 9509 9705 9715 9639 9706 9731 10095 10685 10821 10676 10369 10467 10316 9704 9202 8880 8420 8057 7723 7179 6768 6552 6340 6299 6214 6030 5862 5704 5872 5925 6173 6511 6732 6867 6623 6432 6387 6615 6861 6912 7077 7123 7241 7553 7683 7740 8042 8324 8565 9064 9264 9625 10298 10575 10987 11774 12928 13096 13271 12906 12288 12018 12056 12336 12717 13226 13677 14857 15339 15384 15427 15508 15652 16171 15674 15136 14605 14258 13814 13256 12946 12630 12133 11735 11243 10726 10299
9551 9791 9680 9464 9558 9681 9934 10100 9995 10033 10146 10457 10967 11079 11057 11066 10757 10122 9416 9090 8845 8339 8186 8023 7598 7065 6684 6460 6352 6213 6023 5852 5755 5971 6103 6258 6589 6749 6655 6319 6183 6206 6404 6580 6746 6903 7001 7020 7148 7245 7411 7928 8045 8328 8637 8987 9790 10215 10273 10638 11434 12449 12354 12512 12409 12018 12018 12131 12826 13157 13572 14099 15402 15856 15895 15919 15960 16159 15524 15082 14716 14279 13947 13718 13198 12874 12562 12072 11782 11386 11011 10633
9475 9551 9947 9854 9625 9739 10019 10489 10545 10542 10661 10986 11400 11568 11597 11204 10535 9954 9614 9462 9223 8895 8552 8107 7569 7260 6780 6541 6370 6240 6036 5870 5794 5942 6138 6322 6424 6525 6385 6062 6386 6688 6334 6464 6597 6727 6827 6955 7111 7096 7296 7663 7844 8039 8552 9478 10570 11968 11084 11010 11589 12034 11924 11994 12050 12137 12260 12719 13475 14018 14328 14552 15662 16438 16349 16339 16604 15828 15228 14866 14473 13895 13413 13268 13204 12797 12326 11881 11636 11255 10646 9875
9412 9521 9550 9637 9987 9931 10143 10720 11203 11238 11309 11492 12068 11951 11498 10861 10284 10036 9887 9721 9506 9027 8497 8185 7733 7521 7430 6761 6366 6214 6089 6021 5939 5874 5847 5974 5997 5988 5949 6096 6552 7338 6903 6587 6729 6897 7112 7365 7433 7341 7208 7480 7560 7855 8800 10426 12324 12845 12888 12395 11848 11941 12039 12571 12573 12680 13057 13551 14144 14775 14946 15470 16055 16305 16391 16715 17290 15836 14903 14426 14023 13226 12779 12498 12060 11739 11479 11121 10741 10488 9982 9432
9066 9171 9283 9432 9502 9745 10134 10330 10837 11492 11510 11784 12341 11923 11400 10715 10253 9978 9795 9619 9444 9030 8697 8220 7993 7898 7718 7087 6379 6400 6227 6101 6057 6051 6030 5973 5966 5969 6138 6094 6274 7054 7720 7268 6734 6936 7149 7496 7500 7400 7354 7392 7527 7880 8692 9793 12234 13500 14067 13529 12564 12634 12719 13282 13272 13414 14034 14112 14472 15236 15412 15657 16135 15649 15800 16161 15985 15122 14434 14113 13669 12907 12578 12246 11780 11427 11090 10765 10376 9859 9469 9036
9115 9295 9312 9444 9825 9995 9793 9962 10380 11462 11786 12046 12461 12039 11456 10815 10358 10072 9659 9434 9278 8830 8785 8623 8502 8232 7776 6824 6940 6758 6399 6252 6204 6184 6191 6144 6212 6104 6275 6305 6215 6611 7290 8062 7973 7192 7172 7300 7479 7431 7515 7541 7682 7999 8750 9557 11543 13233 13906 14327 13547 13510 13978 14053 14418 14847 14795 15345 15669 15478 15570 15394 15651 15139 14957 15688 15332 14774 14167 13709 13259 12787 12436 12096 11699 11329 10973 10427 10082 9649 9059 8625
9960 9787 9708 9738 10170 10159 9855 10072 10647 11755 12096 12606 12432 12071 11681 11128 10728 10330 9916 9651 9508 9342 9307 9156 8341 7746 7297 7145 7312 7017 6477 6409 6352 6338 6338 6329 6337 6333 6426 6501 6462 6503 6626 7367 8309 8644 8609 8505 8351 8272 8244 8133 8203 8154 9266 9842 11485 12561 13220 13477 14095 14137 13777 13489 13590 14086 14899 15286 15509 15133 14750 14845 14778 14599 14412 14682 14928 14357 13770 13348 13011 12594 12316 12043 11689 11243 10854 10405 10002 9581 8925 8296
10576 10393 10402 10733 10834 10293 10220 10370 11227 12229 12469 12831 12202 11915 11513 10940 10690 10419 10166 9979 9933 9595 9358 8799 8065 7588 7268 7464 7319 7187 6966 6709 6540 6485 6504 6499 6433 6424 6572 6641 6570 6682 6692 6909 7622 8935 9862 9855 9719 9125 9098 9247 9581 9610 9850 10471 11327 12102 12556 13082 13708 13802 13777 13154 13139 13774 14427 14883 14923 14490 14244 14302 14049 13858 13983 14142 14669 14264 13603 13165 12906 12600 12386 12140 11734 11317 10949 10579 10162 9684 8977 8356
11003 10986 11092 11429 11636 10999 10972 11432 11785 12634 13047 12692 12128 11704 11363 10880 10736 10773 10899 10932 10563 9665 8989 8381 7743 7503 7544 7708 7698 7692 7710 7143 6799 6727 6693 6671 6536 6492 6641 6808 6668 6809 6823 6874 7273 9107 10281 10831 10815 10413 10422 10315 10441 10656 10614 10501 11155 11759 12156 12789 13211 13328 13353 12914 12914 13117 13837 14211 14209 13824 13617 13686 13560 13500 13615 14204 14334 14191 13533 13252 12924 12596 12325 12071 11635 11212 10932 10482 10188 9673 9136 8532
11569 11667 11585 12696 12760 12126 12141 12181 12347 12852 13007 12844 12476 12210 11999 11553 11547 11720 11455 10865 10215 9374 8873 8336 8084 8078 8154 8311 8409 8647 8443 7864 7576 7010 6807 6842 6748 6704 6787 6966 6857 6994 7129 7149 7178 8753 9454 10258 11126 11686 11985 12071 11840 11908 11508 11257 11347 11999 12309 12716 13020 13080 13274 13062 12914 12914 13001 13238 13360 13314 13314 13314 13472 13472 13472 14095 14568 14112 13573 13227 12872 12559 12283 11984 11505 11114 10816 10587 10151 9728 9025 8275
12122 12186 12278 13256 13143 12758 12651 12599 12908 13485 13712 13428 13267 13135 12921 12590 12436 12240 11309 10752 10164 9322 8774 8476 8603 8662 8764 8768 9080 9555 8807 8650 7913 7431 7138 6901 6856 6805 6869 7033 7009 6942 7255 7385 7445 8014 8861 9360 10483 11053 11531 12058 12691 13070 12682 12587 12586 12595 12743 13392 13871 14039 13649 13371 13244 13185 13232 13320 13470 13429 13415 13591 13529 13487 13472 13943 14366 14212 13567 13178 12856 12532 12267 11958 11553 11237 10934 10620 10256 9976 9677 8485
13435 13534 13578 13483 13344 13326 13272 13309 13664 13792 13704 13544 13109 12705 12484 12282 12124 12004 11471 10942 10252 9367 9049 8920 9143 9485 9435 9392 9907 10122 9814 9333 8534 7888 7766 7169 7075 6922 6934 7120 7110 7097 7219 7406 7533 7670 8082 8682 9589 10340 10805 11376 11961 12691 13702 13875 13531 14122 14176 14298 14332 14554 14307 14871 14797 14409 13860 13778 13836 13832 13942 14528 14503 13988 13813 14043 14295 14078 13586 13303 13224 12719 12447 12146 11843 11532 11271 10923 10760 11021 10186 8701
13442 14018 13882 13520 13412 13537 13757 13845 13833 13734 13380 13028 12454 12190 12045 11773 11567 11515 11509 11152 10605 9938 9777 9867 9874 10394 11061 11467 11292 11780 11185 10606 9873 9549 8728 7755 7228 7156 7122 7276 7332 7298 7280 7424 7557 7790 7959 8142 9060 9795 10184 10877 11547 12269 13309 13863 14269 14800 15346 15789 15389 15287 15296 15564 15991 16545 16605 16152 14788 14612 14790 15019 15775 15108 14485 14269 14103 13697 13067 12589 12257 12318 12740 12216 11976 11696 11257 11299 11517 10432 9298 8258
13445 13714 13617 13367 13292 13455 13646 13705 13669 13398 12948 12552 12096 11887 11733 11509 11527 11515 11484 11362 10973 10359 10616 10365 10773 11555 11864 11992 12111 12085 11604 10825 10431 9697 8857 8477 8272 7794 7393 7454 7535 7514 7310 7465 7606 7791 8054 8299 8673 9295 9840 10786 11495 12163 13061 13607 14037 14609 15168 16480 16411 16124 16180 16414 16396 16575 17280 16923 16656 15891 15529 15575 15816 15689 14511 13966 13683 13344 12689 12180 11856 11445 11096 10981 10773 10652 10502 10678 10701 10527 9388 8737
13432 13496 13439 13148 13105 13262 13513 13544 13413 12909 12405 12070 11708 11598 11362 11464 11509 11544 11562 11569 11492 11503 11013 11189 11466 11469 11831 12195 12398 12320 11808 11319 10875 10066 9579 9122 8974 8667 8122 7873 7831 7751 7641 7538 7727 7937 8173 8516 8788 8921 9753 11460 12091 12214 12850 13367 13855 14490 15399 16473 17504 17586 17133 17231 16975 17151 17593 17575 17492 17554 17136 16047 15368 15203 14068 13518 13140 12800 12214 11817 11460 10841 10325 9843 9643 9896 9665 9803 9584 9490 9227 8676
13294 13207 13010 12805 12870 13190 13221 13002 12714 12157 11693 11386 11147 11195 11504 11585 11474 11526 11772 11807 11629 11359 11531 11661 12004 12070 12067 12611 12841 12833 12461 11702 11469 10567 10336 10094 9797 9289 9009 8632 8198 8314 8179 8159 8047 8259 8539 8865 9294 9554 10333 11303 11921 12443 12935 13302 13756 14543 15157 16027 16702 17044 17883 18796 18180 17990 18283 18497 18730 18766 18027 16444 14873 14633 13774 12793 12437 12139 11632 11159 10644 9753 9190 8923 8652 8694 8656 8545 8524 8397 8238 8025
13044 12950 12831 12557 12736 13006 13334 12933 12348 11646 11336 11045 10841 11332 11605 11563 11058 11386 11872 11955 11875 11704 11858 12045 12400 12516 12703 12901 13111 13129 12752 12317 11872 11208 10944 10618 10185 9954 9459 9149 8658 8866 9062 9697 8481 8816 9211 9287 9656 9685 10292 11311 12033 12508 13132 13544 14004 14679 15279 15962 16220 16820 17868 18778 19449 19139 19068 19112 19124 18628 17773 16591 14918 13881 13202 12530 12076 11617 10972 10256 9689 8770 8470 8309 8177 8068 8031 7918 7860 7784 7711 7543
12586 12658 12528 12277 12638 12993 13201 12761 12175 11833 11481 11129 10674 11230 11508 11086 10727 10914 11399 11793 11897 11947 12130 12486 12786 13055 13076 13144 13407 13491 13017 12641 12261 11709 11402 11076 10708 10268 9833 10024 9119 11352 11331 10803 9679 9460 10534 10748 10643 10667 10814 11704 12365 12918 13339 13805 14121 14593 14815 15255 15912 16335 17250 18056 18268 18782 19866 20168 19611 18604 17573 15907 14767 13737 13087 12381 11798 10862 10166 8998 8560 8198 7921 7849 7674 7608 7536 7496 7349 7317 7267 7124
11331 11416 11493 11511 11912 12111 12177 12724 12436 11872 11344 10851 10224 10351 10548 10279 10417 10619 10739 10923 11614 12318 12663 12939 13539 13527 13616 13704 13832 13927 13624 13091 12699 12331 11992 11705 11262 11016 10499 11050 11144 12697 12008 11670 11364 11810 12840 13244 13162 12997 13201 13526 13540 13559 13977 14103 14632 14889 14694 14992 15473 15870 16517 17088 17545 17984 18788 19375 19800 18827 18462 16525 14011 13435 12865 12140 10716 9870 8847 8480 8124 7816 7616 7459 7103 6949 6870 6815 6796 6779 6674 6583
10748 10900 10797 10677 10905 11359 10867 11587 11664 11211 10679 10209 9831 9905 10006 10157 10456 10992 11203 11136 11203 12246 12734 13036 13547 13834 14099 14113 14227 14144 13718 13423 13039 12741 12419 12061 11707 11337 11428 11461 12270 12898 12578 12358 12221 13281 14585 14915 14798 14953 14960 14112 14077 14405 14831 14659 15009 15173 14855 15114 15616 15802 16077 16644 17147 17777 18343 18945 19487 19500 19090 16695 13786 13176 12681 11936 11245 9481 8930 8516 8249 7953 7666 7448 7183 6964 6874 6796 6728 6706 6630 6602
10230 10331 10293 10120 10166 10444 10540 10316 10532 10513 10020 9632 9543 9648 9625 10085 10633 11562 11775 11702 11605 12336 12652 12900 13265 13384 13682 14180 14596 14531 13980 13817 13592 13089 12830 12679 12338 11758 12515 12575 12803 13350 12800 12861 12775 13881 14691 15154 15542 15437 15486 15263 14749 15185 15474 15156 15300 15318 15404 15593 15815 15957 16185 16705 17193 17828 18363 18923 19819 20343 18305 16846 13808 13021 12415 11760 11262 10477 8889 8532 8336 8002 7734 7472 7200 7023 6951 6828 6774 6703 6631 6583
9679 9678 9677 9634 9689 9325 9762 9463 9371 9649 9249 9187 9235 9357 9467 9872 10863 11754 12072 12195 12326 12468 12668 12808 12886 12886 13105 13468 13923 14174 14253 14166 14304 14208 14083 14088 13483 13049 13691 13770 13628 13528 13604 13764 13776 14249 14849 15222 15687 15924 16075 15901 15676 16263 16019 15815 15803 15801 15962 16053 16113 16212 16327 16833 17313 17923 18386 18854 19354 20075 17153 16968 13826 13047 12458 11763 11027 9858 9172 8851 8544 8138 7808 7564 7277 7197 7046 6899 6813 6728 6674 6674
9454 9429 9396 9217 9354 9132 8844 8910 8484 8654 8667 8761 9350 9461 9481 9687 10418 11046 11716 12137 12335 12495 12603 12663 12734 13074 13181 13230 13567 13808 13988 13898 13890 14283 14270 14302 14646 14692 14846 14523 14316 13986 13881 13805 13888 14292 14629 15089 15746 16285 16510 16813 16913 16824 16617 16559 16280 16641 16307 16250 16338 16453 16568 16924 17612 18445 18893 19273 20326 20516 17571 16010 13533 12835 12342 11616 10176 9886 9367 9124 8789 8282 7954 7653 7457 7270 7079 6908 6817 6823 6926 6944
9242 9142 9053 8729 8826 8711 8309 8100 7846 7830 8093 8697 9364 9530 9531 9544 9996 10285 11035 11388 11715 12124 12318 12366 12230 12535 13116 13256 13437 13624 13829 13804 13750 13951 13951 13986 14519 14651 14858 14878 14733 14654 14630 14661 14760 14960 15216 15343 15716 16170 16603 17168 17614 17442 17222 17316 17474 17034 16714 16601 16609 16672 16738 17006 17479 18362 19578 20397 20367 20332 17357 15368 13591 12981 12463 11844 11052 10399 9669 9359 8887 8392 8076 7837 7601 7377 7222 7234 7222 7245 7368 7348
8917 8649 8528 8319 8121 7956 7495 7258 7680 8226 8514 8770 9368 9635 9585 9523 9830 9953 10303 10692 10965 11176 11428 11551 11707 11865 12382 13102 13134 13402 13641 13620 13683 13748 13730 13656 13930 14362 14907 15168 15144 15053 14821 15038 15264 15576 15892 16063 16181 16459 16903 16915 16780 16585 16738 16899 17042 17657 17697 17203 17119 17168 17191 17306 17607 18029 19062 19676 19721 19760 18362 15230 13698 13196 12599 12063 11535 10520 9734 9354 8971 8557 8295 8082 7730 7670 7798 7916 7925 7923 8052 8025
8702 8559 8272 8082 7640 7433 7183 7631 8042 8688 9015 9260 9632 9745 9658 9533 9634 9741 10111 10378 10535 10706 10929 10971 11306 11611 12075 12512 12797 13034 13306 13478 13734 13791 13785 13717 13576 13818 14493 15147 15193 15203 15030 15186 15462 15953 16435 16738 16679 17107 17241 16670 16402 16114 16227 16266 16630 17572 18077 17793 17658 17551 17562 17693 17873 18143 18747 19132 19252 19561 17440 14951 13785 13184 12675 12027 11697 11158 9768 9428 9097 8650 8438 8263 8036 8208 8401 8537 8547 8522 8544 8599
8424 8288 8083 7856 7533 7085 7391 7859 8449 9180 9789 10036 10292 10262 10120 9808 9776 9867 10059 10232 10408 10483 10539 10598 10941 11394 12300 12958 13211 13434 13475 13655 13753 13638 13778 13656 13390 13683 14251 15041 15166 15376 15424 15556 15798 15992 15937 15911 16124 16139 16724 16405 15956 15692 15617 15940 16265 17325 17744 17814 18153 17841 18030 18322 18582 18807 18475 18505 18844 18308 16436 14616 13828 13260 12753 12216 11884 11500 11033 10651 10248 9257 8932 8782 8670 8871 9026 9242 9295 9424 9294 9412
7998 7882 7743 7369 7091 6538 7385 7961 8638 9863 10674 10987 10841 10944 11066 10829 10597 10715 10861 10796 10705 10565 10672 10914 11302 11508 12137 12928 13102 13242 13404 13410 13650 13335 13145 13155 13103 13519 14231 14866 15179 15350 15417 15436 15443 15373 15091 15068 15170 15475 15890 16003 15577 15081 15051 15482 16231 16708 16285 16821 16896 16871 17258 17404 17400 17413 17457 17866 18404 17170 16483 15290 14172 13502 13080 12705 0 0 0 0 11060 10764 10701 10352 10274 10512 10545 10638 10611 10501 10437 10397
7580 7493 7348 6874 6484 6327 7237 7880 8646 9924 10854 11371 11353 11581 11573 11310 11403 11583 11660 11552 11454 11438 11487 11596 11928 12220 12376 12869 13141 13008 13251 13322 13298 13026 12784 12707 13038 13672 14341 14757 14863 14837 14953 15046 15070 14788 14755 14660 14704 14977 15227 15602 15175 14734 14728 15159 15452 15863 15367 15914 15767 15951 16103 16626 16306 16310 17243 17765 17985 18970 18228 0 0 0 0 0 0 0 0 0 0 0 0 0 0 0 11086 11083 11037 10967 10945 10875
7243 6979 6726 6443 6067 6562 7363 8053 8756 10009 10933 11814 11923 12049 12025 11858 12137 12219 12071 12039 11983 11962 12104 12201 12454 12542 12556 12775 12946 12879 12870 13067 13174 12961 12813 12695 12746 13523 14179 14479 14520 14430 14428 14688 14670 14366 14183 14285 14231 14489 14807 15258 15030 14557 14837 14798 14828 14807 14541 14978 15006 15120 15853 16060 15554 15934 16713 17036 17453 18154 18859 0 0 0 0 0 0 0 0 0 0 0 0 0 0 0 0 0 0 0 0 11295
6712 6523 6441 5881 6051 6434 7315 8154 8929 9984 10932 11447 12000 12035 12162 12455 12550 12868 12893 12786 12710 12621 12648 12785 12873 12989 12895 12799 12655 12573 12402 12343 12421 12640 12818 12678 12684 13327 13627 13901 14022 14003 14132 14355 14430 13959 13762 13679 13816 13962 14188 14769 14864 14352 14387 14253 14066 14086 13648 13823 14049 14483 15151 15122 14827 15102 15662 15936 16443 16886 17784 18292 0 0 0 0 0 0 0 0 0 0 0 0 0 0 0 0 0 0 0 0
6401 6339 6226 5566 6018 6501 7523 8188 8794 9607 10205 10598 10848 10927 11219 11761 11869 12052 12406 12657 12860 13206 13239 13283 13278 13198 12953 12785 12592 12316 12159 12080 11968 12278 12436 12664 12716 12980 13322 13271 13489 13702 13915 14229 14200 14003 13923 13784 13467 13739 13744 14335 14664 14133 13963 13846 13456 13272 13157 13246 13564 13955 14140 14190 13948 14592 15085 15314 15819 16088 16494 17265 0 0 0 0 0 0 0 0 0 0 0 0 0 0 0 0 0 0 0 0
6213 5954 5751 5430 6249 6781 7541 7984 8240 8908 9506 9755 10029 10050 10362 10783 11074 11328 11716 12006 12293 12722 12981 13246 13602 13303 13061 12786 12608 12275 11929 12076 11947 11859 12195 12550 12871 12965 13098 12778 12914 13391 13806 14037 14020 13847 13781 13394 12945 13429 13528 13999 14592 13899 13535 13428 13107 12585 12342 12591 12963 13163 13260 13340 13384 13668 14256 14745 15033 15300 15935 16453 0 0 0 0 0 0 0 0 0 0 0 0 0 0 0 0 0 0 0 0
5651 5367 5219 6011 6435 6949 7353 7601 7807 8131 8423 8750 9105 9200 9314 9591 9870 10099 10631 11085 11341 11653 11968 12390 12810 13208 13064 12770 12687 12461 11758 11230 11052 10968 11387 11901 12659 12952 12960 12754 12639 12601 13484 13628 13518 12789 12715 12639 12556 12648 13064 13717 14244 13627 13155 12818 12429 11959 11578 11744 12032 12139 12176 12213 12514 12713 13211 13589 14082 14878 15133 15488 0 0 0 0 0 0 0 0 0 0 0 0 0 0 0 0 0 0 0 0
5157 4982 5626 6292 6755 7081 7204 7374 7547 7790 7889 8018 8342 8364 8647 8868 9085 9338 9778 10065 10436 11011 11176 11495 12176 12534 12800 12820 12257 11843 11615 10932 10475 10507 10874 11406 12344 12816 12851 12569 12539 12419 12837 13122 12843 12433 12038 12004 12031 11993 12634 13356 13923 13416 12738 12287 12143 11632 11168 11071 11493 11592 11672 11606 11871 12028 12843 13206 13508 14140 14411 14984 16036 0 0 0 0 0 0 0 0 0 0 0 0 0 0 0 0 0 0 0
4894 5204 5877 6369 6838 6882 6998 7122 7232 7446 7511 7540 7774 7656 8041 8235 8403 8543 8926 9212 9634 10094 10318 10608 11134 11637 11970 12359 12199 11422 11442 10622 9862 9980 10454 10987 11966 12759 12729 12181 12432 12306 12267 12251 12160 11865 11482 11396 11327 11805 12282 13036 13677 13178 12491 12028 11873 11328 10957 10612 11097 11114 11240 11181 11253 11772 12277 12657 13110 13554 14140 15106 15682 0 0 0 0 0 0 0 0 0 0 0 0 0 0 0 0 0 0 0
