data/stillaguamish_elev_100m_gdalwarp.asc
ncols        716
nrows        506
xllcorner    544725.000000000000
yllcorner    5316655.000000000000
cellsize     100.000000000000
NODATA_value 0
[rows 369 to 409 of 506, columns 460 to 551 of 716]
7829 7973 8206 8545 8692 8830 8967 9029 9131 9000 8925 8955 9032 9064 9236 9349 9600 9582 9673 10085 10187 10579 10894 11383 11589 11471 11567 11398 11036 10767 10344 9749 9458 8881 8408 8154 8284 8562 9161 9751 10446 11047 11843 12442 12805 12740 12576 12381 12051 11755 11435 10977 10521 10032 9323 8909 8549 8120 7943 7609 7137 6758 6531 6336 6376 6338 6399 6735 7001 7276 7534 7784 7884 7808 8048 8177 8286 8378 8557 8724 8806 8823 8887 9113 9282 9744 10460 11994 12401 12756 13271 0
7414 7696 7810 8010 8190 8571 8584 8537 8604 8533 8434 8572 8643 8642 8799 8914 9119 9179 9225 9363 9643 10339 10691 11042 11634 12073 11806 11520 11120 10823 10407 9856 9432 8854 8415 8253 8576 9078 9256 10114 10755 11208 12051 12747 13324 13005 12736 12466 12254 12051 11661 11176 10589 10032 9357 8852 8485 7989 7665 7245 6990 6827 6653 6621 6637 6618 6460 6418 6488 6877 7124 7450 7466 7510 8085 8666 8827 8618 8393 8500 8570 8663 8832 9011 9266 9675 10229 11344 12780 13708 14516 0
7156 7422 7430 7658 8111 8278 8383 8364 8164 8113 8176 8309 8403 8364 8502 8691 8760 8825 8791 8979 9402 9922 10434 10833 11318 11829 11754 11472 11076 10846 10413 9869 9351 8822 8448 8487 8873 9176 9690 10225 10813 11386 12331 12777 13539 13119 12815 12410 12172 11964 11560 11004 10321 9817 9022 8549 8221 7736 7377 7061 7086 7078 6901 6698 6780 6733 6456 6543 6608 6619 6779 7166 7271 7558 8143 9051 9314 9245 8863 8525 8568 8737 8918 9225 9460 9610 10000 10842 12130 12790 13811 0
6804 7020 6941 7417 7736 8047 8035 8035 7846 7867 7873 8048 8152 8146 8254 8379 8587 8496 8775 9036 9406 9956 10498 10825 11179 11565 11565 11183 11001 10828 10450 9786 9238 8785 8511 8758 9127 9499 9818 10458 10834 11444 12387 12806 13066 12453 12042 11738 11257 11037 10701 10240 9833 9303 8676 8286 7869 7443 7301 7263 7377 7440 7229 6813 6865 6628 6566 6719 6765 6749 6714 6854 7117 7629 8233 9187 9533 9730 9494 9207 9008 9149 9217 9379 9773 9888 10052 10521 11367 12300 13076 13823
6395 6449 6551 6866 7098 7412 7611 7665 7640 7471 7566 7660 7747 7801 7946 7948 7989 8109 8696 8903 9233 9735 10440 10788 11077 11178 11289 11043 10756 10665 10385 9679 9111 8826 8954 9110 9572 9985 10242 10809 11121 11451 12467 13059 12485 11950 11683 11327 10793 10355 10049 9594 9137 8792 8304 7919 7598 7515 7651 7745 7990 7961 7588 7116 7002 6857 6616 6697 6861 6898 6865 6848 7034 7600 8152 8955 9389 9841 10304 10466 10153 9689 9664 9764 9936 9948 10150 10949 11724 12369 13073 13725
6082 6174 6251 6471 6633 6939 7220 7430 7477 7287 7275 7313 7431 7540 7657 7593 7595 8032 8484 8715 8886 9615 10066 10556 10808 10935 11109 11041 10814 10593 10128 9669 9168 9098 9177 9529 9867 10341 10622 10929 11346 11895 12735 12853 12299 11610 11389 11068 10518 10245 9944 9496 8932 8518 8049 7740 7750 7836 8079 8280 8590 8158 7744 7455 7396 7260 7016 6686 6798 6947 6988 6976 7037 7434 7867 8445 8871 9220 9712 10377 10826 11131 10475 10302 10281 10367 10947 11848 11916 12668 13553 0
5860 5917 5887 6163 6320 6490 6800 7083 7242 7161 6961 7070 7115 7290 7429 7260 7488 7739 8029 8287 8690 9208 9618 10118 10580 10868 11061 11157 10910 10704 10224 9813 9514 9455 9688 9968 10366 10464 10902 11178 11580 12164 12721 12295 11838 11418 11091 10816 10273 9931 9746 9127 8585 8230 7973 8090 8188 8314 8496 8738 8593 8169 7739 7822 7844 7749 7498 7217 6826 6826 6979 7091 7072 7192 7529 7933 8318 8669 9147 9665 10127 11106 11677 11362 10781 10825 11516 12189 12446 12598 13788 0
5731 5629 5701 5829 5947 6143 6404 6579 6927 7030 6996 6682 6880 6817 6905 7064 7224 7403 7612 7733 8108 8879 9149 9632 10312 10734 10884 11010 11095 10810 10430 10193 9961 9900 9985 10344 10823 11007 11121 11712 11911 11992 12095 12172 11913 11509 11211 10805 10283 9826 9510 9068 8605 8467 8494 8531 8805 8972 9139 9133 8497 8113 8075 8319 8538 8490 8005 7678 7269 7172 6912 6972 7072 7113 7175 7399 7632 7902 8366 8953 9409 10108 10733 11440 11950 11592 11513 12345 12938 13265 13658 0
5568 5314 5580 5634 5759 5873 6175 6380 6583 6832 6827 6438 6725 6555 6462 6935 6973 7046 7365 7564 7790 8385 8931 9258 10005 10338 10616 10860 10939 10907 10667 10475 10314 10365 10440 10539 11082 11453 11644 11604 11578 11527 11602 11733 11849 11776 11413 10873 10269 9966 9591 9094 8818 8743 8870 9244 9515 9540 9758 9021 8453 8213 8350 8736 8988 8888 8319 7897 7719 7623 7358 7149 7056 7066 7166 7314 7510 7851 8109 8610 9047 9692 10222 10887 12105 12732 12907 12707 13018 13564 14001 0
5292 4991 5371 5344 5475 5516 5870 6079 6242 6372 6547 6382 6532 6319 6188 6630 6690 6922 6984 7326 7548 8186 8588 9038 9555 9967 10358 10551 10733 10873 10861 10885 10817 10873 10918 10966 11381 11433 11431 11344 11215 11134 11075 11211 11418 11482 11093 10734 10246 10099 9837 9291 8999 9051 9427 9894 9605 9176 8915 8699 8399 8473 8761 9199 9554 9167 8499 8088 8144 7978 7820 7628 7339 7242 7224 7506 7919 8289 8679 8686 8915 9587 10041 10566 11485 12198 12796 13586 13595 13640 14579 14905
4725 4678 4907 4964 4960 5032 5403 5542 5645 5969 6138 6044 6234 6047 5849 6199 6382 6422 6545 6891 7341 7784 8024 8393 9052 9362 9689 9884 10219 10454 10818 11017 11017 11107 11239 11212 11100 10973 10966 10870 10463 10470 10219 10664 10967 11334 11347 10994 10768 10551 10257 9772 9684 9695 9294 8905 8730 8564 8208 8571 8523 8979 9569 10039 9895 9350 8664 8635 8567 8662 8501 8231 7832 7656 7552 7721 7931 8143 8518 8990 9501 9632 9959 10256 11174 11832 12218 13091 13701 14178 14668 15326
4513 4395 4599 4669 4705 4904 5012 5224 5271 5637 5757 5630 5953 5836 5609 5921 6033 6094 6182 6514 7166 7306 7650 7959 8576 9052 9119 9287 9676 9858 10434 10622 10817 10920 10955 10950 10838 10681 10520 10204 9860 9805 9655 10143 10513 10916 11338 11370 11014 10755 10482 10196 10113 9809 8982 8604 8208 8208 8252 8682 8900 9226 9959 10478 10059 9492 9084 9103 9061 9071 8998 8752 8235 8028 7887 8063 8359 8520 9158 9648 9972 10321 10480 10793 11046 11639 12128 12796 13384 13984 14617 15119
4204 4164 4340 4403 4638 4638 4793 4972 5050 5277 5497 5243 5736 5569 5432 5705 5742 5751 6106 6621 6960 6973 7335 7675 8202 8514 8629 8988 9152 9367 9971 10071 10295 10435 10278 10473 10454 10275 9913 9601 9238 9261 9232 9721 10121 10495 10880 11473 11211 10951 10760 10232 9865 9454 8822 8407 8208 8500 8821 9025 9437 9860 10278 10744 10348 9909 9644 9669 9681 9650 9546 9361 8756 8672 8563 8814 9070 9292 9776 10269 10784 11325 11660 11909 12101 12539 13221 13920 14067 13999 14415 14554
3962 4004 4137 4302 4320 4410 4693 4847 4748 4749 4868 4971 5310 5033 5159 5283 5512 5658 5907 6203 6441 6609 6897 7192 7676 7861 7806 8280 8495 8928 9073 9130 9601 9562 9478 9549 9657 9384 9100 8829 8635 8924 9480 9758 10171 10592 10918 11371 11547 11158 10665 10087 9680 9320 8768 8374 8208 8997 9567 9894 10219 10444 10695 11077 10772 10341 10263 10475 10402 10706 10249 9917 9633 9649 9739 10079 10341 10416 10787 11324 11995 12732 12903 13034 13307 13513 13330 13232 13359 13752 14408 14110
3864 3950 4136 4163 4330 4570 4751 4650 4614 4488 4387 4794 4930 4635 4894 5102 5174 5210 5424 5736 6087 6267 6325 6778 7188 7429 7401 7730 7996 8254 8485 8820 9045 8995 8980 8913 9074 9056 8752 8378 8874 9013 9691 10182 10527 10953 11259 11518 11227 11047 10724 10159 9628 9200 8679 8327 8234 9176 9761 10394 10433 10488 10692 10909 11172 10971 11001 11089 11084 11293 10823 10477 10498 10513 10442 10932 11277 11552 11960 12161 11943 11800 11977 12212 12399 12887 12844 12592 12746 13139 13810 14053
3780 3859 4072 4310 4477 4675 4454 4384 4517 4279 4129 4562 4593 4480 4663 4905 4965 5022 5109 5355 5417 6122 6021 6373 6698 6871 7049 7254 7494 7767 7917 8202 8373 8280 8321 8192 8380 8441 8282 8276 8823 9192 9702 10222 10973 11228 11287 11182 10915 10658 10333 10016 9627 9115 8520 8300 8103 8546 9184 9693 9658 9786 9965 10322 10507 10603 10791 10780 10669 10812 10996 11162 11646 11707 11613 11599 11562 11245 11192 11086 10962 10870 10994 11180 11836 12453 12397 12102 12273 12608 13146 13790
3684 3848 4025 4299 4510 4560 4135 3995 4191 4244 3891 4123 4114 4350 4492 4813 4965 5043 5138 5036 5315 5705 5804 5888 6069 6393 6681 6836 6981 7235 7537 7725 7813 7636 7593 7416 7334 7530 7551 8082 8526 8995 9764 10529 11003 10933 10880 10546 10285 10125 9892 9504 9258 9075 8630 8132 7796 8111 8444 9100 8869 8955 8977 9239 9585 9474 9651 9593 9442 9833 10115 10286 10456 10499 10451 10195 10127 10063 9998 9758 9685 9624 9707 9851 11038 11876 11869 11551 11515 11861 12409 12924
3689 3792 3915 4200 4411 4488 4010 3952 3863 3855 3775 3908 4046 4352 4566 4847 4966 5020 4919 4958 5385 5343 5513 5414 5749 5966 6232 6459 6678 6953 7247 7407 7483 7266 7043 6926 7337 7509 7956 8443 8891 9327 10247 10783 10715 10456 10344 10103 9853 9681 9401 8898 8768 8662 8419 8300 7937 7947 8324 8670 8308 8257 8435 8718 8838 8779 8922 8834 8779 8951 9130 9310 9488 9558 9544 9420 9379 9336 9258 9130 9037 8996 9000 9390 10451 11635 11460 10962 10912 11349 11984 12555
3702 3800 3888 4089 4353 4362 4019 3832 3779 3615 3657 3999 4204 4350 4586 4746 4784 4885 4739 4911 5231 5136 5216 4990 5422 5632 5819 6145 6409 6644 6920 7108 7083 6565 6696 7227 7857 8063 8309 8768 9040 9572 10503 10621 10326 10031 9892 9725 9283 9164 8942 8460 8226 8118 8072 7961 7847 7828 8230 8380 8006 7816 7865 8040 8147 8172 8284 8249 8204 8335 8445 8506 8665 8730 8725 8740 8744 8669 8628 8577 8554 8469 8780 9125 10194 11080 11082 10629 10569 10924 11510 12118
3703 3785 3844 4005 4126 4074 3955 3605 3563 3874 3934 3961 4242 4447 4578 4502 4569 4517 4667 4794 4998 4901 4750 4691 4846 5141 5385 5611 5839 6034 6344 6459 6344 6310 6853 7292 7823 8150 8502 8946 9326 9965 10524 10156 9840 9551 9223 9173 8798 8444 8354 7989 7385 7568 7619 7606 7683 7755 7740 7750 7645 7437 7481 7402 7447 7409 7448 7370 7485 7585 7618 7691 7816 7872 7891 7962 7940 7947 8047 8074 8094 8216 8433 8952 10103 11035 10615 10137 10211 10539 10920 11539
3690 3750 3807 3927 4029 3928 3663 3524 3633 3918 4014 4125 4306 4382 4427 4404 4294 4412 4640 4766 4907 4720 4643 4601 4653 4735 4968 5289 5444 5587 5830 6024 6073 5877 6660 7200 7696 7948 8123 8556 8898 9320 10104 9987 9670 9124 8877 8763 8419 8153 7656 7322 7040 7241 7137 6885 6942 7020 7099 7135 7141 7070 7083 6985 6973 7035 7148 7263 7271 7308 7311 7382 7459 7567 7588 7547 7641 7802 7997 8135 8266 8380 8405 8880 9918 10908 10216 9723 9842 10127 10634 11035
3685 3731 3787 3866 3900 3725 3491 3526 3850 4036 4097 4100 4017 4298 4135 4132 4264 4448 4648 4777 4915 4719 4557 4464 4500 4412 4614 4842 4996 5274 5348 5637 5465 5717 6396 6888 7326 7430 7685 8010 8477 8855 9672 9727 9405 8902 8670 8372 7944 7727 7359 6943 6739 7020 6742 6549 6491 6513 6571 6628 6673 6729 6816 7022 7162 7283 7611 7805 7833 7764 7731 7662 7531 7429 7506 7624 7776 7886 8188 8544 8792 8928 9014 8930 9496 10267 10040 9363 9431 9665 10210 10559
3633 3681 3709 3703 3507 3381 3734 3909 3730 3631 3640 3750 4035 3910 3995 4152 4360 4528 4712 4897 5067 4742 4649 4482 4191 4115 4309 4635 4825 4867 5089 5175 4868 5644 6073 6432 6606 6700 7044 7507 7899 8427 8901 9063 8863 8566 8283 7869 7460 7150 6962 6580 6357 6488 6391 6194 6599 6900 6989 6967 7178 7228 7196 7466 7623 7687 7911 8283 8655 8642 8456 8296 8030 7984 8010 8033 8154 8399 9003 9245 9134 9465 9943 9973 10022 10400 10146 9338 8919 9187 9519 9901
3441 3608 3518 3427 3356 3498 3828 3842 3597 3516 3652 3811 3776 3909 4031 4127 4371 4547 4737 4870 5157 4774 4662 4599 4276 4093 4118 4496 4647 4614 4697 4622 5014 5262 5699 6032 6288 6454 6708 7126 7511 7978 8640 8784 8576 8259 7944 7763 7308 6881 6699 6335 6046 5862 6195 6655 6803 7458 7527 7527 7711 7740 7723 7735 7861 8288 8549 8612 8907 9073 8897 8684 8443 8531 8534 8558 8744 9015 9647 9827 9793 10139 10356 10479 10658 11005 10220 9497 8837 8756 9072 9415
3374 3380 3365 3282 3296 3400 3520 3568 3493 3562 3531 3643 3675 3744 3896 4119 4354 4522 4691 4815 4871 4730 4619 4521 4247 4121 3899 4352 4384 4371 4377 4608 4959 5086 5308 5580 6101 6272 6517 6732 7114 7506 8175 8492 8283 8058 7933 7478 6968 6594 6216 5657 5853 6578 6923 7149 7225 7879 7996 8010 7964 8032 7991 8179 8124 8606 8919 9074 9221 9357 9172 9078 8878 8914 8918 9212 9396 9817 10103 10251 10413 10756 10949 11027 11261 10926 10266 9606 9086 8335 8617 8886
3272 3262 3267 3294 3409 3415 3410 3499 3675 3883 4016 3914 3865 3900 4042 4135 4373 4534 4632 4662 4650 4550 4493 4348 4035 3849 3771 3782 3911 3980 4301 4566 4813 5248 5297 5295 5655 5920 6147 6592 6816 7195 7673 7991 8121 7654 7530 7388 6718 6253 5644 5892 6533 7080 7579 7738 7994 8165 8393 8501 8629 8636 8596 8701 8664 8561 9282 9605 9807 9822 9717 9648 9469 9505 9575 9792 10365 10703 10784 10865 10938 11341 11553 11812 11624 10853 10308 9500 9053 8519 8016 8189
3178 3232 3273 3291 3298 3352 3416 3519 3591 3798 3940 4093 4162 4146 4192 4298 4414 4496 4552 4485 4454 4459 4226 4178 3621 3756 3880 4076 4193 4282 4384 4637 5003 5135 5091 5143 5407 5586 5788 6035 6452 6748 7207 7533 7783 7520 6971 6828 6486 6120 5322 5947 6841 7440 8002 8346 8415 8721 8868 9059 9154 9162 9153 9215 9247 9249 9304 9777 10156 10200 10165 10129 10034 10070 10093 10331 10732 11242 11313 11385 11506 11842 12234 12600 11729 10940 10444 10017 9212 8631 8162 7789
3240 3290 3311 3333 3355 3402 3457 3496 3567 3824 4059 4273 3981 3865 4075 4301 4387 4445 4421 4315 4230 4284 4151 3900 3664 4061 4268 4345 4508 4557 4780 4923 4891 4873 4843 4870 5104 5321 5374 5706 5922 6215 6635 6939 7325 7320 6742 6414 6059 5702 5233 6045 6864 7511 8342 8829 9143 9410 9500 9787 9789 9745 9677 9618 9649 9683 9718 9938 10496 10652 10639 10597 10601 10706 10798 10969 11318 11716 11686 11797 12016 12489 12548 12169 11705 11239 10736 9873 9210 8701 8343 7990
3313 3327 3338 3355 3392 3425 3448 3486 3594 3930 4010 3869 3801 4038 4254 4337 4356 4317 4134 4024 3940 3860 3651 3500 3812 4098 4161 4267 4373 4487 4668 4645 4559 4682 4742 4447 4814 4932 5027 5312 5485 5699 6023 6232 6512 6528 6178 5780 5243 5208 5636 6302 6829 7560 8610 9263 9645 10073 10400 10429 10411 10428 10374 10306 10282 10392 10461 10516 10598 10157 10419 10937 11258 11414 11639 12054 12265 12199 12248 12320 12570 12414 11932 11579 11008 10608 10187 9603 9214 8908 8472 8362
3307 3335 3309 3317 3369 3396 3392 3414 3489 3643 3651 3498 3876 4152 4277 4328 4293 4130 3902 3768 3661 3452 3524 3792 3933 4149 4255 4378 4473 4510 4525 4505 4332 4457 4636 4322 4723 4598 4738 5047 5336 5614 5872 5744 6017 6051 5895 5499 5095 5452 6032 6621 7043 7425 8343 8827 9478 9869 9938 9924 9886 10206 10476 10231 9859 10036 10040 10118 10024 9625 9694 10086 10461 10797 10892 11286 11122 11036 11211 11407 11603 12243 12131 11632 11034 10579 10128 9644 9308 9117 9001 8923
3291 3297 3211 3253 3310 3289 3242 3319 3307 3323 3333 3488 3918 4149 4287 4251 4049 3938 3703 3489 3450 3615 3899 4272 4447 4354 4504 4558 4692 4346 4330 4265 4272 4461 4260 4528 4503 4586 4806 5024 5200 5507 5586 5519 5636 5789 5510 4842 5339 5779 6230 6891 7368 7782 8440 8919 9179 9455 9588 9538 9435 9727 10008 9878 9359 9515 9416 9498 9577 9254 9142 9504 9940 10093 10128 10311 10188 10212 10404 10725 10889 11418 11881 11890 11449 11013 10619 10111 9809 9706 9730 9531
3163 3043 3030 3015 3008 2925 2925 3172 3205 3169 3230 3403 3734 3919 3986 3879 3615 3484 3372 3564 3775 4205 4557 4539 4590 4416 4310 4284 4139 4076 3999 3935 3980 4012 4093 4280 4349 4624 4866 5066 5255 5395 5353 5139 5230 5130 4849 4903 5696 6190 6438 6939 7541 7847 8221 8342 8415 8598 8861 8941 8938 9086 9196 9167 8812 8900 8792 8728 8938 8891 8728 8696 9151 9282 9271 9400 9266 9273 9497 9851 10077 10529 10949 11298 11470 11604 11212 10533 10456 10466 9576 8965
3089 3044 2989 2944 2925 2926 2925 3062 3141 3135 3145 3173 3403 3533 3620 3636 3263 3322 3559 3752 3861 4004 4231 4235 4253 4086 3910 3953 3923 3869 3921 4100 4233 4419 4401 4221 4369 4616 4861 5050 5191 5228 5106 5011 5156 4889 4621 5075 5813 6317 6794 7255 7675 7771 7882 7897 7981 8137 8318 8455 8579 8667 8738 8647 8342 8426 8380 8353 8473 8535 8475 8300 8594 8784 8879 8877 8789 8766 9121 9441 9586 10141 10351 10598 10730 10736 10337 9703 9576 9670 9292 8579
2981 2985 2962 2939 2926 2926 2925 3061 3092 3105 3114 3133 3168 3229 3311 3268 3317 3621 3774 3821 3774 3916 3871 3746 3713 3761 3757 3772 3856 3885 4281 4397 4400 4601 4550 4596 4459 4421 4676 4936 4952 4966 4952 5042 5163 4612 4653 5064 5722 6267 6688 7130 7453 7627 7939 7789 7575 7753 7829 7959 8128 8174 8200 8109 7898 8028 8068 8059 8084 8144 8210 8108 8082 8364 8540 8376 8371 8393 8787 9051 9189 9808 9903 9958 9998 9965 9658 9234 8850 9047 8734 8190
2891 2902 2916 2922 2922 2926 3028 3063 3058 3068 3063 3078 3129 3149 3151 3166 3270 3511 3736 3721 3669 3579 3613 3723 3889 4023 4140 4252 4418 4318 4391 4647 4691 4750 4909 4811 4700 4652 4532 4590 4721 5044 5266 5328 5081 4418 4624 5012 5544 5788 5948 6198 6706 7046 7307 7276 7214 7253 7359 7448 7468 7458 7588 7653 7520 7582 7623 7683 7701 7716 7725 7663 7494 7718 7838 7836 7673 8033 8346 8473 8847 9187 9297 9206 9140 9051 8740 8202 7782 7940 7789 7424
2926 2904 2899 2926 2936 2948 3008 3037 3025 3040 3041 3057 3106 3125 3134 3150 3185 3361 3573 3489 3443 3580 3938 3957 3965 4115 4321 4468 4629 4623 4851 5038 5049 5133 4918 4868 4849 4826 4794 4819 5026 5235 5457 5279 4882 4356 4539 4869 5216 5343 5473 5791 6073 6386 6665 6748 6785 6894 6937 6918 6896 6982 7147 7377 7313 7238 7321 7413 7438 7419 7344 7251 7074 7352 7429 7353 7096 7634 7926 8111 8446 8705 8704 8509 8565 8508 8170 7729 7278 7162 7171 6852
3086 2943 2912 2912 2924 2943 2977 3015 3047 3043 3054 3077 3102 3142 3169 3174 3215 3251 3277 3275 3453 3804 3809 3875 3856 3953 4143 4416 4571 4746 5035 5153 5200 4791 4767 4733 4903 4881 4887 5129 5221 5420 5253 4974 4781 4522 4384 4643 4888 4983 5037 5284 5518 5692 6041 6367 6520 6594 6597 6552 6507 6552 6630 6841 6934 6953 7041 7121 7153 6982 6867 6803 6597 6712 6880 6787 6673 7172 7393 7636 7869 8113 8081 7785 7811 7728 7570 7146 6655 6370 6294 6007
3286 3335 3275 3204 3045 2920 2926 2974 3052 3062 3058 3072 3090 3123 3155 3171 3037 3037 3037 3216 3495 3654 3809 3762 3737 3761 3919 4361 4605 4860 5051 5131 4929 4595 4362 4243 4638 4905 5017 5118 5067 5192 5263 5286 4852 4665 4232 4313 4546 4636 4770 4980 5034 5101 5424 5843 6156 6248 6234 6122 6005 6019 6098 6184 6319 6318 6518 6592 6580 6428 6388 6346 6260 6188 6230 6182 6266 6532 6716 6960 7140 7324 7235 6969 6857 6863 6795 6360 5968 5354 5314 5263
3495 3648 3643 3579 3349 3121 2972 2917 3024 3048 3051 3056 3070 3081 3097 3089 3038 3063 3053 3037 3279 3513 3637 3607 3760 3838 4050 4463 4766 4960 5242 5277 4929 4486 4227 4228 4665 4654 4745 4731 4788 4870 5243 5460 5061 4737 4520 4232 4379 4532 4672 4895 4867 5089 5330 5470 5750 5880 5843 5830 5716 5699 5710 5729 5855 5825 6147 6202 6155 6040 6048 6074 6004 5881 5840 5817 5921 6187 6416 6537 6685 6851 6655 6462 6331 6243 6095 5805 5428 4946 5322 5454
3632 3812 3930 3919 3613 3377 3309 3128 3003 3022 3034 3038 3044 3048 3037 3045 3070 3107 3085 3037 3216 3279 3133 3350 3780 3851 4008 4527 4676 5036 5381 5433 4919 4397 3991 4223 4675 4494 4541 4471 4487 4756 5223 5489 5183 4920 4643 4298 4309 4446 4637 4748 4850 5050 5401 5159 5182 5450 5524 5528 5487 5329 5282 5216 5245 5531 5711 5666 5808 5651 5616 5772 5719 5526 5390 5421 5626 5730 5961 6061 6350 6426 6121 5986 5846 5781 5642 5266 4809 5441 5938 6188
3991 4112 4168 4112 3926 3653 3699 3649 3539 3281 3208 3097 3098 3062 3046 3155 3205 3199 3119 3073 3160 3123 3140 3159 3427 3827 4258 4940 5057 5135 5028 4959 4765 4357 3818 4222 4430 4284 4127 4483 4799 5044 5360 5422 5220 4980 4745 4441 4151 4316 4438 4603 4894 5053 5061 4848 4793 4728 4862 4964 5116 5127 5068 4805 4592 4688 4879 4934 4963 4992 5147 5194 5052 4995 5092 5179 5179 5217 5309 5451 5927 5910 5635 5262 5121 5051 4789 4760 5278 5869 6850 7142
