data/stillaguamish_elev_100m_gdalwarp.asc
ncols        716
nrows        506
xllcorner    544725.000000000000
yllcorner    5316655.000000000000
cellsize     100.000000000000
NODATA_value 0
[rows 82 to 122 of 506, columns 368 to 459 of 716]
6852 6316 6447 6629 6681 6436 6171 5977 5725 5371 5431 5037 4738 4551 4465 4431 4486 4653 4798 4908 5095 5103 5217 5402 5542 5622 5550 5666 5602 5536 5422 5622 5747 6234 6417 6182 6001 6109 6121 5896 5775 5947 6016 6085 6224 5844 5197 5093 5157 5232 5677 6187 6485 7057 7377 7627 8117 8371 8407 8642 9112 9567 10335 10759 10478 11035 11355 11088 11185 11382 11052 10875 10630 10373 10288 10114 10490 10697 10595 10744 11080 11349 11713 11940 12528 12028 11168 10475 10479 10254 10765 11069
7045 6447 5931 6262 6437 6059 5859 5661 5337 5091 5184 4913 4628 4493 4413 4448 4636 4858 5038 5160 5284 5191 5420 5479 5692 5811 5787 5880 6004 5849 5749 6022 6015 6369 6522 6282 6546 6525 6425 6267 6111 5985 6072 6114 6500 6289 5941 5187 5137 5209 5451 5904 6305 6850 7142 7432 7764 7842 7917 8567 8997 9452 10225 10302 10092 10720 10725 10445 10967 11180 10840 10475 10395 10315 9992 9750 10082 10415 10374 10211 10539 11135 11137 11335 12069 11415 10829 10327 9792 10409 10657 10939
7195 6502 5924 5850 6040 5674 5486 5264 4830 4767 4858 4770 4662 4462 4367 4578 4770 5011 5202 5302 5384 5374 5497 5710 5784 5960 5872 6025 6252 6179 6152 6327 6365 6492 6627 6537 6672 6947 6789 6566 6397 6086 5990 6212 6299 6257 5889 5222 5110 5224 5346 5689 6232 6697 6955 7127 7385 7476 7831 8291 8862 9412 10149 9916 9791 10355 10244 9994 10614 10670 10568 10274 10107 10100 9674 9365 9749 9941 9975 9680 10359 10867 10453 11085 11608 10505 10209 9634 9737 10304 10300 10743
7127 6637 5957 5554 5682 5561 5216 4960 4590 4543 4488 4538 4572 4506 4370 4593 4790 5130 5276 5435 5496 5562 5630 5714 5966 6012 5961 6126 6467 6529 6549 6602 6666 6607 6855 6847 6570 6949 6987 6865 6805 6432 6220 6170 6182 5994 5797 5490 5207 5219 5312 5457 5922 6336 6425 6420 6969 7222 7680 8266 8864 9277 9641 9237 9379 9912 9815 9417 9549 9724 9821 9956 9817 9665 9550 9041 9380 9227 9179 9747 10280 10410 9662 10732 10937 10175 9447 8872 9759 9936 9937 10305
6837 6450 5980 5454 5237 5414 5226 4777 4461 4371 4293 4393 4478 4476 4346 4496 4722 5118 5269 5537 5691 5737 5697 5732 5879 6035 6000 6157 6472 6585 6639 6717 6859 6807 6984 7004 6855 6987 7067 7252 7251 6852 6584 6506 6334 6252 5910 5566 5285 5177 5287 5357 5706 6060 6030 6217 6919 7286 7694 8254 8782 8979 9111 8807 9019 9436 9382 9152 8977 9017 9062 9615 9642 9262 9265 8866 8925 8744 9376 9986 10333 9856 9374 10590 10653 9880 8951 8561 9226 9550 9785 10005
6355 6099 5727 5474 5301 5175 5269 4803 4466 4261 4267 4265 4352 4432 4378 4598 4798 5132 5234 5444 5761 5860 5894 5920 5937 6169 6222 6272 6339 6604 6716 6834 6926 6992 7097 7199 7047 7000 7061 7382 7615 7166 6872 6915 6837 6549 6091 5569 5450 5324 5256 5316 5502 5681 6109 6384 6962 7226 7587 8074 8484 8572 8627 8430 8727 9047 9112 8917 8452 8437 8462 8700 9206 9172 8942 8652 8339 8957 9376 9795 9686 9527 9306 10225 10305 9882 8954 8279 8912 9211 9542 9677
5887 5761 5622 5360 5244 5005 5272 4755 4460 4242 4243 4293 4367 4347 4522 4718 4877 5106 5286 5490 5920 6160 6167 6245 6422 6534 6477 6586 6634 6620 6863 7048 7166 7391 7333 7327 7316 7223 7245 7366 7746 7663 7402 7476 7325 6868 6342 5755 5706 5556 5338 5287 5296 5646 5806 6107 6448 6910 7316 7751 7971 8167 8267 7778 8070 8473 8639 8455 7918 7915 7925 8254 8714 8741 8321 8196 7980 8677 8997 9015 8714 8693 9268 9503 9481 9222 8529 7997 8562 8569 9112 9269
5652 5571 5469 5264 5093 4884 5246 4740 4523 4361 4227 4335 4463 4566 4631 4799 4897 5216 5448 5653 6165 6305 6281 6406 6556 6650 6710 6753 6914 6933 6975 7180 7382 7517 7602 7470 7493 7487 7445 7491 7654 7870 7778 7800 7446 7081 6561 5967 5979 5803 5532 5487 5359 5508 5653 5892 6256 6666 7061 7299 7545 7992 7981 7474 7763 8096 8146 8157 7722 7768 7815 7891 8152 8215 7880 7754 7560 8262 8549 8559 8199 8616 8949 8937 8833 8635 8220 7770 8122 8375 8681 8698
5657 5323 5351 5365 5010 4822 5129 4669 4420 4251 4211 4375 4579 4836 4775 5026 5277 5383 5670 5921 6224 6396 6412 6553 6686 6831 6991 6975 7095 7038 7154 7317 7561 7718 7823 7731 7735 7738 7555 7595 7684 7938 7969 7957 7712 7326 6761 6317 6201 5944 5774 5631 5481 5343 5510 5687 6102 6384 6674 6924 7303 7557 7451 7142 7413 7696 7779 7953 7599 7640 7715 7641 7698 7846 7602 7494 7472 7857 8096 8141 7848 8114 8240 8336 8232 8098 7699 7566 7744 8089 8265 8041
5211 5333 5298 5237 4882 4810 4983 4537 4248 4134 4273 4498 4804 5161 5294 5424 5472 5517 5883 6258 6444 6580 6663 6788 6941 7082 7131 7162 7324 7315 7445 7463 7770 8051 8220 8244 8327 8323 7978 7806 7744 8070 8013 7931 7405 7108 6857 6502 6239 6120 5931 5777 5578 5340 5409 5535 5750 5973 6139 6574 6638 6857 6878 6700 6899 7365 7497 7526 7397 7454 7537 7475 7465 7546 7598 7356 7280 7372 7504 7533 7568 7564 7509 7663 7620 7417 7286 7285 7307 7667 7691 7673
4962 5125 5160 5128 4679 4665 4888 4371 4100 4171 4301 4579 4938 5294 5752 5628 5688 5907 6219 6378 6544 6666 6837 6951 7042 7135 7186 7194 7227 7518 7607 7640 7941 8205 8424 8554 8548 8556 8391 8147 7991 7904 7903 7843 7554 7239 6906 6612 6360 6201 5991 5817 5584 5354 5403 5516 5715 5897 6108 6136 6196 6408 6503 6660 7149 7218 7289 7231 7238 7277 7441 7392 7366 7488 7609 7410 7175 7234 7219 7292 7341 7174 7128 7040 7022 7030 7087 7139 7147 7341 7351 7267
4755 4866 4837 4778 4688 4281 4572 4389 4100 4198 4499 4872 5133 5436 5916 5820 6016 6033 6267 6440 6610 6696 6902 7114 7180 7247 7282 7378 7537 7646 7785 7813 8029 8317 8509 8698 8786 8801 8788 8516 8359 8157 7969 7842 7572 7343 7145 6703 6707 6465 6083 5881 5717 5464 5384 5452 5696 5929 6056 6108 6263 6187 6596 6760 6815 6823 6999 7022 7058 7051 7258 7185 7254 7381 7586 7555 7192 7079 7106 7243 7255 7112 7010 6927 6909 6918 6933 7037 6951 7089 7129 7092
4907 4520 4672 4404 4316 4101 4125 4180 4100 4237 4608 4867 5202 5474 5930 6119 6038 6257 6349 6458 6734 6896 7012 7292 7402 7488 7567 7512 7674 7827 7993 8027 8238 8402 8522 8657 8806 8959 9040 8907 8606 8281 8057 7842 7496 7241 7243 7173 7109 6877 6558 6186 6020 5774 5530 5460 5688 5772 5792 6048 6280 6303 6449 6587 6693 6742 6781 6796 6755 6934 6968 6903 7091 7315 7615 7507 7262 6955 7046 7141 7108 6980 6926 6695 6832 6831 6868 6940 6874 6958 6994 7070
4786 4381 4537 4392 4138 4017 4076 4094 4112 4406 4613 5001 5269 5622 5837 6132 6159 6344 6507 6594 6803 7018 7148 7386 7484 7562 7641 7672 7944 8060 8158 8224 8301 8472 8577 8696 8790 8964 9079 8964 8669 8253 8062 7716 7540 7553 7639 7462 7295 7265 6860 6615 6512 6144 5873 5463 5578 5610 5729 5931 6130 6250 6312 6504 6635 6558 6519 6580 6740 6814 6748 6841 7040 7313 7498 7362 7229 6813 6976 7040 6939 6833 6784 6730 6696 6709 6792 6805 6801 6801 6807 7002
4760 4294 4350 4249 4017 4066 4165 4158 4210 4384 4696 5091 5377 5775 5996 6253 6327 6392 6621 6767 6859 7122 7289 7453 7537 7621 7740 7814 7941 8204 8320 8344 8464 8558 8596 8670 8907 8961 9058 8976 8698 8287 8031 8004 7906 7921 7946 7793 7839 7771 7279 7111 6828 6587 6198 5629 5614 5636 5583 5879 6023 6128 6167 6273 6380 6088 6508 6690 6676 6655 6658 6951 7169 7387 7356 7251 7118 6827 6839 6902 6818 6699 6698 7101 7139 7094 7047 6969 6999 7005 6929 6917
4214 4158 4115 4047 3996 4138 4266 4453 4489 4646 4970 5373 5665 5988 6406 6609 6591 6729 6715 6798 7013 7292 7488 7528 7594 7739 7789 7842 7923 8065 8179 8235 8439 8533 8637 8724 8789 8931 9017 8982 8744 8377 8418 8252 8285 8404 8286 8297 8381 8215 7870 7440 6948 6833 6497 6244 5953 5900 5779 5707 5805 5846 5956 5984 6105 6042 6280 6422 6453 6409 6646 6975 7221 7257 7213 7065 6951 6791 6583 6661 6579 6753 6996 7387 7811 8222 8225 8115 7925 7700 7426 7179
4006 3979 3964 3965 4001 4352 4484 4892 4868 4887 5143 5644 5828 6160 6678 6973 6814 6919 6856 6960 6997 7380 7614 7667 7718 7834 7859 7926 8020 8174 8264 8350 8546 8686 8728 8832 8877 8932 9024 8989 8805 8521 8511 8441 8534 8812 8766 8841 8538 8380 8038 7535 7341 7074 6734 6392 6071 6172 6117 5820 5761 5675 5774 5706 5785 6008 6100 6192 6241 6346 6459 6828 7022 7002 7034 6932 6770 6588 6411 6822 7058 7254 7486 7804 8049 8168 8713 8728 8588 8365 8186 7974
3899 3922 3996 4103 4223 4639 4797 5086 5142 5316 5412 5670 5909 6285 6811 7222 7054 7044 7066 7144 7204 7487 7726 7836 7877 7927 8009 8115 8179 8324 8486 8578 8689 8768 8871 9003 9001 8989 9038 9006 8879 8646 8635 8593 8624 8919 9088 8926 8650 8466 7950 7628 7541 7231 6834 6521 6378 6488 6450 6353 6150 6126 5932 6014 5805 5819 5861 6041 6111 6176 6253 6681 6815 6669 6596 6580 6459 6542 6631 6706 7198 7693 7919 8337 8485 8556 8791 9011 9092 8932 8757 8633
3899 3970 4172 4254 4667 5099 5272 5285 5523 5431 5594 5977 6214 6544 6813 7236 7222 7322 7195 7340 7492 7641 7924 8124 8173 8269 8333 8304 8430 8622 8701 8726 8825 8989 9145 9167 9100 9115 9154 9100 8959 8815 8834 8892 8852 9216 9488 9380 9158 8750 8340 8092 7840 7241 7009 6672 6985 7080 7020 7037 6702 6908 6952 6594 6139 6217 5974 5842 6018 6066 6168 6341 6412 6206 6278 6371 6510 6686 6918 7231 6928 7479 7801 8299 8628 8797 9074 9303 9609 9728 9397 9115
3915 4055 4274 4439 4565 4740 4939 5287 5711 5733 5843 6116 6415 6783 7107 7176 7311 7374 7347 7509 7728 7904 8061 8287 8288 8427 8582 8542 8784 8873 8760 8782 8820 9056 9167 9202 9149 9139 9268 9262 9109 8954 8986 8991 9059 9340 9562 9641 9495 9270 8712 8397 7972 7393 7232 6998 7289 7511 7536 7388 7162 7228 7297 6744 6906 6681 6329 5892 5983 5970 6039 6091 6062 6220 6515 6561 6650 6766 6860 7360 7380 7282 7617 7871 8077 8394 8734 8946 9128 9461 9686 9616
4018 4181 4441 4610 4811 5235 5227 5415 5758 5907 6070 6440 6621 7001 7313 7358 7393 7423 7413 7528 7837 8009 8170 8474 8518 8661 8719 8670 8949 8793 8774 8917 9102 9153 9230 9260 9259 9288 9374 9416 9313 9193 9187 9178 9212 9293 9487 9685 9660 9518 9042 8611 8149 7700 7360 7558 7901 8076 8076 7753 7624 7562 7480 7361 7462 7083 6695 6241 5942 5949 6050 6293 6393 6523 6662 6730 6930 7065 7162 7434 7724 7611 7696 7813 7952 8151 8387 8613 8810 9063 9384 9573
4248 4370 4668 4878 5096 5458 5589 5594 5937 6334 6557 6853 7020 7582 7820 7770 7638 7545 7588 7553 7855 8042 8155 8513 8618 8692 8718 8768 8827 9137 9329 9509 9633 9555 9448 9440 9515 9562 9543 9593 9579 9477 9357 9313 9311 9371 9581 9764 9772 9676 9312 8778 8466 8222 7908 8289 8444 8559 8506 8286 8192 8109 8025 7965 7771 7299 6904 6482 6200 6040 5963 6186 6225 6414 6636 6780 7013 7343 7562 7690 7967 7950 7957 8102 8279 8314 8387 8460 8524 8830 9065 9304
4512 4535 4867 5208 5453 5662 5870 5774 6025 6360 6881 7211 7357 7854 8126 8024 7822 7674 7715 7660 7905 8099 8203 8330 8500 8654 8823 8910 9147 9393 9505 9542 9721 9702 9666 9645 9710 9719 9683 9695 9692 9669 9560 9503 9375 9415 9611 9754 9813 9746 9418 9123 8829 8535 8510 8602 8757 8816 8859 8718 8523 8393 8248 7993 7565 7219 6978 6797 6345 6220 6173 6135 6088 6255 6558 6761 7012 7408 7730 7936 8114 8283 8398 8423 8592 8783 8952 9008 9030 8975 9040 9274
4757 4948 5094 5579 5935 6209 6087 6147 6129 6304 6914 7653 7963 8156 8362 8242 8026 7801 7786 7764 7959 8077 8128 8328 8625 8951 9062 9184 9327 9458 9497 9509 9464 9464 9526 9602 9700 9923 9757 9786 9755 9779 9741 9699 9633 9617 9657 9797 9878 9780 9558 9375 9195 8896 8827 8850 8860 8890 9037 9180 8908 8750 8416 8055 7719 7292 6992 6702 6386 6424 6395 6274 6088 6192 6509 6702 6973 7402 7788 8003 8305 8462 8696 8874 8909 8951 9126 9254 9346 9449 9486 9528
5167 5407 5641 5997 6692 6971 6738 6615 6743 6759 6946 7761 8293 8553 8659 8538 8378 8101 8141 8135 8160 8324 8308 8510 8955 9118 9215 9300 9442 9541 9514 9881 9898 9590 9705 10058 9688 9665 9912 9872 9858 10017 10023 10015 9952 9839 9853 9891 9922 9862 9707 9621 9429 9174 9017 9007 9028 8987 8974 9066 8990 8772 8496 8101 7895 7376 6980 6784 6705 6640 6535 6353 6169 6125 6382 6646 6933 7422 7811 8052 8411 8546 8863 9249 9452 9568 9708 9774 9857 9916 9943 9950
5326 5500 6026 6287 6778 7220 7148 7018 7194 7393 7319 7937 8360 8590 8638 8563 8442 8253 8333 8389 8179 8480 8532 8918 9123 9239 9324 9437 9530 9650 9744 9957 10026 10056 9827 10255 10278 10049 9952 10007 10010 10061 10085 10094 10081 10029 9985 9992 9968 9922 9802 9715 9602 9325 9141 9095 9062 8937 8871 8714 8563 8542 8514 8341 8037 7507 7131 7007 6860 6704 6505 6235 6167 6154 6372 6656 6980 7488 7849 8095 8448 8740 9027 9498 9744 10050 10181 10241 10281 10337 10341 10331
5433 5789 6418 6870 7225 7632 7485 7351 7422 7962 8008 8274 8679 8866 8825 8678 8537 8407 8487 8613 8563 8283 8658 9049 9263 9368 9484 9584 9627 9744 9942 10024 10089 10171 10257 9842 10362 10315 10016 10062 10089 10099 10131 10148 10150 10146 10146 10133 10048 9979 9904 9808 9692 9407 9210 9065 8903 8739 8643 8544 8398 8303 8312 8168 7898 7449 7235 7079 6878 6697 6535 6272 6219 6236 6406 6723 7086 7560 7890 8121 8419 8776 9133 9619 9870 9962 10238 10523 10636 10847 10873 10787
5633 5879 6696 7208 7743 8147 8049 7921 8140 8303 8567 8923 9149 9100 8951 8826 8686 8693 8739 8769 8757 8484 8755 9124 9261 9414 9653 9721 9814 9949 10023 10106 10212 10266 10347 10386 10123 10537 10264 10196 10208 10201 10201 10197 10199 10215 10268 10263 10250 10181 10023 9887 9676 9313 9070 8863 8701 8602 8526 8395 8334 8198 8022 7870 7566 7213 7050 6924 6703 6574 6503 6347 6222 6406 6438 6864 7201 7619 7916 8100 8433 8699 8989 9112 9180 9338 9548 9716 10049 10426 10800 11246
6077 6146 6702 7192 7844 8519 8530 8403 8588 8617 8914 9364 9391 9221 9017 8854 8861 8878 8883 8883 8806 8602 8784 9095 9133 9144 9626 9772 9875 9997 10063 10152 10266 10301 10339 10496 10335 10193 10415 10378 10347 10297 10255 10227 10230 10236 10289 10332 10328 10291 10055 9763 9509 9106 8950 8851 8689 8568 8451 8276 8235 8126 7969 7796 7581 7294 7171 7014 6841 6710 6566 6414 6304 6627 6460 6892 7000 7622 7934 8131 8376 8519 8581 8599 8664 8848 9145 9361 9597 10056 10330 10692
6314 6419 6847 7214 7683 8480 8923 8878 8933 8896 9053 9672 9559 9293 9099 9091 9090 9090 9056 8984 8865 8776 8824 9020 9016 9144 9458 9681 9856 9986 10062 10160 10269 10318 10358 10467 10510 10396 10466 10431 10449 10591 10575 10402 10369 10339 10351 10400 10387 10265 9804 9524 9354 9220 9106 9000 8810 8695 8579 8349 8160 8003 7929 7790 7636 7444 7254 7102 6890 6739 6583 6353 6422 6757 6756 6969 7213 7431 7765 7905 8151 8174 8213 8542 8936 9083 9183 9282 9354 9689 10061 10395
6161 6347 6639 6949 7350 7980 8634 9056 9063 9171 9172 9898 9832 9632 9657 9584 9569 9444 9293 9252 9165 9081 8933 9041 9172 9334 9454 9631 9840 9981 10058 10155 10243 10338 10386 10427 10492 10857 10634 10455 10723 10951 10861 10713 10659 10563 10507 10490 10389 10231 9744 9625 9565 9405 9162 8993 8825 8703 8572 8389 8216 7945 7724 7663 7581 7433 7244 7113 6971 6781 6598 6459 6448 6635 6970 7189 7395 7575 7704 7804 8113 8313 8466 8871 9136 9416 9653 9757 9826 9813 9742 10064
5882 6158 6436 6757 7059 7818 8474 8611 8834 9133 9109 9497 9796 9952 10140 10200 10142 9967 9888 9783 9552 9424 9244 9144 9300 9423 9494 9649 9778 9956 10077 10231 10365 10365 10362 10427 10517 10792 10813 10716 10899 10930 10893 10862 10783 10633 10594 10527 10413 10278 9940 9730 9610 9287 9029 8867 8746 8621 8508 8360 8203 8057 7780 7584 7448 7292 7117 7010 6853 6702 6473 6585 6580 6500 6927 7156 7390 7636 7830 8079 8358 8486 8743 9149 9445 9681 9963 10236 10333 10268 10117 9942
5289 5769 6254 6565 6931 7566 7970 8023 8462 8827 8990 9199 9331 9628 10055 10506 10762 10675 10485 10268 9914 9616 9395 9371 9351 9460 9664 9778 9818 9914 10021 10213 10386 10391 10408 10474 10613 10774 10923 11057 11001 10939 10844 10934 10970 10831 10774 10580 10455 10337 10112 9937 9654 9212 8846 8687 8604 8517 8437 8270 8160 8076 7897 7681 7503 7301 7057 6909 6705 6592 6616 6702 6712 6548 6948 7054 7260 7576 7807 8136 8437 8629 8920 9325 9631 9883 10288 10671 10834 10783 10538 10243
5125 5995 6277 6440 6665 7078 7314 7453 7903 8215 8461 8835 8926 9078 9749 10146 10400 10604 10751 10758 10378 10072 9934 9805 9738 9707 9661 9719 9752 9855 9911 9988 10174 10297 10364 10490 10646 10786 11059 11279 11271 10936 10761 10785 10683 10751 10678 10557 10509 10328 10054 9795 9601 9346 8922 8631 8553 8470 8345 8181 8058 7938 7832 7600 7403 7207 7005 6811 6823 6709 6810 6857 6932 6627 6881 7237 7466 7606 7741 7926 8477 8762 9026 9383 9732 10074 10659 10989 11354 11250 11015 10756
5507 6024 6231 6397 6606 6793 6955 7215 7578 7912 8132 8371 8411 8899 9506 9707 9913 10275 10649 10781 10932 10773 10319 10107 10101 10081 10053 9975 9904 9966 10032 10055 10069 10147 10281 10446 10600 10769 11035 11281 11241 10866 10683 10697 10709 10695 10610 10511 10344 10188 9922 9643 9332 9224 8938 8624 8514 8441 8324 8195 8108 8011 7799 7476 7355 7128 7001 6918 6964 6884 6918 6949 7001 6836 6897 7210 7510 7848 8053 8285 8481 8703 9044 9392 9753 10161 10747 11135 11665 11805 11385 11013
5753 5831 5926 6036 6258 6444 6764 6926 7303 7575 7801 7925 8380 8790 9103 9227 9495 9865 10219 10558 10865 11023 11061 10712 10558 10361 10339 10255 10208 10218 10280 10304 10282 10241 10215 10412 10595 10740 10930 11051 11015 10709 10683 10683 10730 10729 10693 10639 10555 10386 10154 9995 9426 8975 8824 8514 8401 8333 8233 8123 8048 7969 7793 7475 7683 7634 7292 7029 7105 7045 7099 7076 7068 6976 6827 7252 7570 7967 8183 8472 8730 8809 8924 9367 9712 10121 10762 11138 11653 12168 11869 11414
6042 6296 6285 6286 6327 6292 6439 6764 6869 7040 7364 7792 8043 8455 8732 8783 8896 9279 9675 9993 10292 10432 10537 10792 11032 11078 11069 11016 10992 10931 10840 10782 10710 10651 10610 10601 10568 10605 10679 10707 10710 10697 10683 10725 10771 10762 10737 10701 10635 10494 10165 9880 9245 8911 8717 8549 8369 8302 8211 8082 7912 7787 7677 7812 8038 8105 7780 7301 7216 7230 7250 7210 7135 6954 7009 7251 7534 8055 8327 8765 9028 9178 9196 9319 9671 10070 10686 11060 11647 12277 12490 12081
6483 6644 6582 6530 6547 6597 6517 6573 6754 6956 7320 7633 7884 8190 8306 8490 8697 8972 9295 9568 9889 10011 10027 10178 10428 10814 11174 11278 11299 11418 11462 11219 10937 10874 10945 11007 10937 10984 11097 11038 10902 10703 10786 10855 10957 10983 10911 10754 10603 10422 10116 9801 9363 8999 8806 8557 8324 8243 8161 8062 7798 7767 7919 8222 8493 8473 7965 7520 7299 7346 7347 7295 7150 6954 6924 7190 7453 8192 8497 8826 9310 9561 9617 9610 9646 9930 10501 10982 11632 12202 12713 12618
7050 7223 7151 6987 6885 6847 6716 6727 6814 6756 7155 7422 7734 7860 8020 8263 8483 8748 8901 9197 9533 9666 9686 9787 10022 10412 10719 10585 10687 10819 11048 11360 11270 11219 11227 11402 11448 11360 11294 11481 11216 10971 11042 11076 11134 11167 11045 10686 10525 10251 9979 9648 9349 9005 8790 8519 8234 8132 8035 7941 8012 8141 8462 8696 8815 8628 8096 7623 7459 7464 7419 7280 7095 6913 6959 7116 7359 7970 8490 8935 9494 9813 9991 9919 9913 10076 10355 10928 11593 12145 12572 12959
7456 7695 7619 7455 7328 7201 7130 6948 7164 7127 7009 7031 7346 7648 7899 8144 8375 8567 8698 8796 9047 9219 9409 9513 9734 10037 10027 9997 10174 10344 10457 10639 10993 11202 11411 11659 11758 11776 11495 11473 11522 11416 11453 11437 11488 11477 10955 10508 10325 10019 9749 9477 9219 8892 8628 8454 8261 8089 8174 8387 8549 8764 8957 9018 9037 8713 8273 7921 7584 7489 7398 7175 7027 6952 6962 7054 7242 7775 8245 8881 9539 9944 10105 10318 10334 10431 10687 11020 11429 11840 12212 12654
7722 7849 7808 7729 7622 7464 7373 7121 7492 7490 7388 7245 7217 7333 7828 8091 8283 8532 8702 8816 8990 9155 9345 9386 9614 9983 9982 9995 10180 10364 10466 10618 10894 11122 11332 11608 11717 11840 11922 11789 11856 12028 12126 12187 11735 11148 10784 10399 10106 9877 9610 9406 9226 8945 8675 8498 8305 8138 8378 8734 8961 9097 9186 9196 9176 8842 8624 8110 7627 7518 7429 7272 7122 7028 6946 7010 7217 7618 8068 8575 9405 9791 9992 10211 10426 10595 10802 10961 11261 11690 12014 12459
