data/stillaguamish_elev_100m_gdalwarp.asc
ncols        716
nrows        506
xllcorner    544725.000000000000
yllcorner    5316655.000000000000
cellsize     100.000000000000
NODATA_value 0
[rows 410 to 450 of 506, columns 460 to 551 of 716]
4246 4356 4283 4197 4079 3937 3928 3870 3813 3705 3656 3583 3369 3298 3237 3252 3262 3309 3170 3124 3123 3140 3170 3169 3400 3853 4297 4930 5028 4851 4321 4457 4440 4042 3735 4198 4276 3892 4091 4593 4906 5024 4869 5197 5135 5145 4864 4718 4280 4165 4447 4638 4849 4969 4997 4673 4511 4653 4508 4651 4771 4750 4612 4569 4456 4363 4507 4900 4737 4927 4995 4994 4844 4896 4989 5077 5073 5005 5047 5026 5361 5428 5060 4817 4591 4525 4684 5312 5641 6090 7158 7649
4572 4669 4576 4306 4221 4121 4090 4080 4012 4018 4040 3900 3600 3530 3460 3429 3386 3441 3354 3265 3173 3185 3235 3177 3331 3738 4078 4624 4556 4416 4147 4079 4183 3987 3670 4122 4131 3567 4047 4612 4718 4509 4725 5000 4961 5220 5071 4755 4155 4155 4435 4649 4876 4840 4985 4646 4352 4432 4441 4395 4495 4341 4234 4210 4088 4129 4617 4906 4623 4876 4922 4939 4858 4823 4923 5014 5013 4961 4905 4920 4972 5061 4897 4673 4421 4725 5180 5676 6126 6681 7299 7774
5046 5161 5069 4812 4531 4301 4260 4355 4357 4317 4165 4045 3967 3910 3799 3747 3704 3555 3584 3687 3686 3492 3285 3191 3291 3761 4162 4083 3938 3746 3632 3611 3561 3627 3535 3663 3721 3472 3960 4440 4082 4048 4453 4685 4831 4986 5146 4892 4350 4003 4282 4481 4762 4633 4843 4611 4273 4148 4231 4166 4173 4066 3836 3864 3939 4119 4506 4763 4452 4620 4753 4830 4745 4673 4766 4912 4849 4798 4758 4767 4783 4943 4929 4654 4347 4710 5159 6026 6592 6830 6817 7031
5368 5507 5376 5128 4844 4659 4528 4557 4571 4529 4336 4278 4180 4085 4022 3897 3874 3754 3623 3732 3753 3623 3376 3217 3337 3793 4060 3670 3461 3493 3479 3460 3404 3425 3479 3509 3322 3305 3817 4100 3957 3895 4505 4649 4718 4958 5178 4973 4544 4095 3987 4384 4631 4441 4613 4530 4136 4054 4061 4024 4036 3953 3739 3768 3855 3974 4369 4508 4317 4489 4580 4569 4478 4578 4738 4900 4858 4706 4650 4638 4653 4864 4853 4607 4347 4987 5459 6050 6202 6107 6242 6509
5657 5781 5728 5520 5242 5001 4887 4855 4806 4744 4618 4518 4418 4292 4228 4121 4074 3965 3791 3784 3822 3724 3487 3250 3343 3813 3843 3383 3425 3436 3431 3414 3312 3295 3280 3280 3291 3289 3291 3792 3669 3957 4408 4251 4537 4972 5051 4935 4588 4137 3907 4307 4385 4246 4404 4405 4005 3966 3954 3911 3919 3821 3729 3766 3816 3916 4155 4289 4191 4229 4310 4318 4345 4469 4663 4915 4940 4592 4517 4560 4570 4783 4822 4504 4311 4844 5248 5405 5427 5482 5821 6026
6049 6253 6186 6000 5823 5606 5585 5425 5312 5268 5117 4929 4698 4557 4439 4358 4333 4253 4095 3953 3719 3610 3395 3328 3296 3761 3831 3280 3248 3219 3218 3223 3269 3295 3302 3303 3292 3292 3289 3421 3725 4007 3812 4153 4701 4898 4948 4691 4385 4139 3889 4179 4125 4168 4207 4116 3884 3875 3867 3835 3778 3751 3729 3750 3757 3784 3930 3948 3960 3986 4021 4019 4366 4578 4859 5084 5069 4818 4476 4453 4491 4707 4770 4515 4299 4552 4720 4855 4870 5060 5327 5579
6407 6765 6731 6521 6339 5974 6145 5921 5767 5721 5618 5425 5030 4806 4620 4508 4460 4396 4250 4071 3726 3779 3741 3589 3220 3667 3476 3218 3218 3225 3278 3261 3289 3317 3326 3327 3319 3314 3313 3464 3557 3532 3792 4034 4417 4804 5002 4896 4381 4117 3770 4093 4100 4117 4150 3961 3799 3900 3902 3847 3704 3699 3714 3725 3756 3773 3847 3872 3898 3915 3938 4010 4282 4511 4831 5075 5007 4974 4618 4410 4434 4650 4719 4535 4248 4418 4590 4799 4904 5040 5279 5353
6813 7246 7274 6996 6843 6596 6659 6413 6251 6230 6136 5873 5523 5209 4839 4747 4701 4509 4377 4218 4021 3993 3921 3761 3217 3218 3234 3263 3282 3318 3610 3468 3319 3349 3352 3347 3343 3342 3359 3405 3551 3944 4153 4128 4531 4629 4748 4896 4442 4046 3806 4055 4070 4086 4072 3879 3769 3915 3908 3771 3657 3685 3702 3745 3789 3907 3840 3902 3902 3907 3899 3962 4377 4666 4904 4961 4801 4902 4697 4529 4325 4502 4546 4575 4138 4433 4582 4828 4904 4841 5109 5200
6997 7595 8012 7836 7653 7457 7293 7055 6913 6872 6741 6526 6131 5766 5395 5089 4969 4763 4526 4299 4418 4320 4231 4109 3743 3416 3310 3384 3448 3480 3704 3825 3737 3404 3387 3379 3372 3368 3383 3434 3730 3949 4223 4515 4559 4609 4709 4767 4309 4042 3627 3976 4031 4041 4055 3825 3727 3788 3661 3642 3702 3685 3697 3730 3752 3778 3775 3821 3837 3850 3867 3914 4138 4430 4594 4632 4430 4643 4507 4278 4237 4332 4409 4456 4083 4407 4567 4797 4560 4472 4626 4791
7164 7876 8415 8381 8193 8086 7789 7522 7313 7235 7119 7040 6699 6212 5860 5392 5133 4913 4573 4671 4754 4719 4532 4387 4146 3975 3745 3526 3551 3502 3690 3797 3839 3634 3436 3405 3399 3381 3377 3583 3911 4278 4563 4569 4513 4555 4644 4436 4284 3935 3611 3651 3643 3746 3968 3685 3635 3635 3658 3705 3781 3718 3701 3700 3715 3736 3754 3779 3777 3831 3831 3823 3919 4006 4143 4262 4134 4269 4283 4191 4152 4219 4285 4354 4060 4319 4530 4631 4378 4268 4356 4439
7307 8040 8806 9100 8840 8586 8304 8016 7741 7728 7723 7613 7317 6723 6117 5663 5357 5054 4974 5072 5163 5047 4900 4660 4441 4205 4038 3938 4024 3831 3664 3908 3927 3908 3718 3575 3521 3413 3386 3550 3801 4280 4321 4041 4036 4287 4518 4296 3863 3621 3607 3687 3753 3672 3739 3635 3667 3736 3656 3707 3781 3745 3717 3710 3707 3719 3737 3761 3777 3873 3888 3759 3759 3882 3944 4017 4076 4097 4117 4116 4107 4131 4158 4225 4043 4134 4390 4437 4220 4018 4108 4168
7672 8048 9037 9599 9503 9328 8960 8557 8270 8299 8413 8303 7905 7179 6338 5887 5516 5648 5556 5680 5758 5600 5332 5004 4846 4664 4273 4227 4219 4265 3746 3991 4094 4114 4091 3888 3763 3699 3538 3392 3602 3736 3832 3820 3840 3979 4163 4320 3765 3590 3571 3655 3965 3903 3768 3981 3960 3840 3731 3698 3723 3736 3747 3730 3729 3718 3728 3738 3755 3759 3759 3759 3759 3809 3926 4004 4041 4018 4015 4009 4052 4016 4013 3981 4011 3981 4184 4067 3998 3871 3900 3909
7867 8269 9058 9722 9896 9685 9362 9048 8784 8742 8846 8771 8193 7333 6630 6069 5829 5972 5915 6172 6248 6037 5738 5386 5150 4930 4655 4507 4256 4293 3838 4275 4313 4220 4205 4154 4057 3991 3891 3481 3381 3557 3548 3542 3695 3852 3956 4103 4189 3603 3545 3552 3773 4084 4089 3995 3960 3869 3803 3770 3745 3759 3771 3810 3812 3817 3790 3774 3807 3801 3798 3768 3759 3791 3928 3979 4009 4001 3892 3925 3991 3971 3939 3917 3912 3905 3977 3865 3865 3868 3901 3916
7913 8330 9004 9763 10071 9959 9680 9461 9361 9262 9286 9183 8286 7505 6842 6313 6287 6452 6480 6746 6785 6468 6201 5866 5398 5169 4957 4819 4645 4385 4190 4379 4428 4300 4254 4320 4402 4348 4272 3935 3497 3428 3423 3416 3393 3781 3882 3970 4120 4061 3783 3517 3656 4025 4045 3993 3958 3926 3907 3803 3790 3788 3943 4062 4158 4220 4148 4084 4074 4041 3947 3878 3782 3759 3909 3943 3952 3926 3833 3854 3884 3892 3885 3876 3870 3909 3893 3865 3866 3900 3979 4028
7576 8012 8658 9490 10025 10321 10020 9850 9759 9921 9888 9449 8395 7692 7082 6813 6772 6958 7173 7481 7571 7208 6834 6496 5996 5451 5362 5191 4998 4553 4341 4531 4524 4509 4517 4456 4613 4637 4574 4525 4016 3830 3639 3584 3535 3455 3716 3836 3966 4036 3816 3527 3789 4113 4149 4002 3986 3955 3917 3898 3915 3926 4017 4133 4103 4073 4443 4643 4423 4417 4396 4351 3986 3822 3762 3875 3884 3772 3773 3774 3790 3830 3840 3841 3843 3851 3859 3891 3921 3959 4034 4103
7414 7639 8155 9056 9744 10322 10344 10194 10146 10173 10070 9323 8451 7841 7383 7063 7048 7253 7582 7946 8062 7711 7280 6943 6424 5819 5646 5474 5246 4883 4526 4677 4617 4653 4670 4630 4732 4765 4787 4741 4578 4224 3652 3893 3946 3662 3466 3455 3639 3525 3478 3662 3991 4136 4128 4030 4006 3973 3950 3933 3937 3955 3983 4002 4033 4002 4224 4574 4537 4525 4636 4612 4190 4075 3875 3765 3770 3790 3807 3816 3843 3881 3871 3841 3841 3841 3849 3918 3975 4005 4067 4146
7361 7454 7713 8460 9255 9905 10782 10583 10517 10467 10278 9295 8399 7924 7592 7140 7324 7535 7994 8416 8547 8091 7773 7340 6848 6407 6030 5820 5394 5099 4805 4859 4841 4855 4833 4959 4965 5015 5025 4921 4770 4565 3748 4045 4068 3993 3919 3752 3584 3617 3696 3934 4096 4262 4261 4171 4024 3994 3982 3971 3966 3972 3993 4159 4349 4315 4002 4215 4051 4276 4566 4693 4444 4364 4191 3860 3790 3817 3844 3860 3885 3957 4049 3917 3841 3841 3850 3984 4051 4061 4094 4128
7300 7308 7435 7907 8546 9223 10174 10902 11342 11142 10226 9308 8464 8084 7824 7497 7449 8017 8698 9012 9086 8725 8307 8047 7453 7139 6616 6089 5700 5113 5129 5047 5299 5292 5251 5211 5257 5326 5252 4827 4342 4162 4032 4341 4323 4388 4284 4004 4166 4295 4349 4305 4289 4560 4701 4502 4415 4022 4015 3999 4001 3997 4017 4138 4226 4348 4280 4124 4368 4145 4382 4661 4793 4508 4383 4016 3866 3848 3892 3919 3935 4024 4123 4210 4093 4139 4125 4222 4205 4128 4131 4225
7300 7300 7333 7777 8197 8720 9611 10222 10986 11315 10404 9526 8567 8175 7880 7588 7505 8141 8876 9313 9414 9115 8772 8384 8028 7577 7000 6286 5766 5558 5404 5466 5468 5846 5738 5466 5381 5410 5093 4677 4055 4363 4516 4587 4624 4605 4480 4390 4255 4529 4632 4522 4633 4636 4934 4912 4593 4399 4141 4015 4038 4010 4041 4159 4184 4354 4504 4480 4660 4271 4353 4664 4797 4467 4169 4058 3919 3865 3912 3951 3983 4083 4226 4335 4282 4213 4234 4325 4311 4218 4234 4403
7317 7300 7311 7700 8088 8548 9337 9842 10387 11261 10721 9688 8633 8048 7644 7391 7622 8220 9100 9506 9784 9457 9123 8672 8158 7643 7115 6363 6091 5697 5626 5685 5704 6343 6414 6149 5582 5224 4985 4635 4095 4627 4965 4829 4791 4768 4647 4615 4244 4656 4790 4657 4933 5067 5052 4930 4602 4469 4513 4289 4263 4281 4321 4345 4391 4532 4672 4758 4783 4263 4155 4526 4786 4473 4184 3914 3868 3879 3933 3985 4020 4211 4287 4546 4273 4256 4331 4422 4445 4349 4440 4431
7396 7319 7365 7647 8057 8697 9427 9782 10082 10121 9592 9063 8143 7709 7355 7355 7452 7936 9019 9658 10022 9756 9329 8818 8095 7480 6973 6361 5997 5722 5777 5884 6108 6367 6445 6513 6127 5629 5411 4978 4433 4248 5108 5339 5287 4997 4923 4882 4600 4744 4990 4994 5286 5543 5455 5378 5360 5195 4973 4800 4816 4846 4836 4887 4764 4698 4844 4909 4811 4695 4463 4253 4680 4346 3882 3868 4000 4034 4011 4028 4217 4450 4626 4700 4527 4394 4453 4609 4650 4500 4412 4317
7512 7465 7463 7692 8150 8740 9955 10441 9983 9497 8920 8424 7743 7355 7355 7355 7445 7780 8899 9506 10127 9830 9270 8659 7934 7301 6572 6181 5964 5857 5964 6060 6181 6474 6569 6638 6487 6117 5788 5185 4611 4596 4673 5315 5532 5339 5094 4991 4782 4733 5089 5288 5319 5701 5946 5798 5690 5601 5416 5397 5303 5225 5160 5040 4910 4956 4978 4930 4868 4715 4429 4397 4509 4090 3888 4095 4279 4172 4104 4097 4277 4610 4788 4881 4660 4566 4522 4792 4659 4517 4330 4171
7748 7708 7680 7958 8468 9178 10103 10782 9909 8932 8519 8082 7428 7355 7355 7355 7422 7918 9023 9605 10400 9807 9209 8617 7782 7310 6923 6349 6091 6062 6173 6367 6571 6792 6829 6809 6783 6375 6104 5269 4818 4933 4592 5018 5616 5657 5516 5280 5048 4994 5122 5414 5389 5583 6032 6042 5962 5837 5744 5737 5604 5546 5513 5351 5119 5206 5151 4863 4749 4627 4329 4546 4328 4013 3922 4040 4371 4459 4228 4195 4230 4499 4647 4942 4826 4765 4630 4849 4641 4509 4246 4250
8175 8206 8186 8777 9510 10577 11535 10771 9893 8696 8184 7818 7355 7355 7355 7355 7451 7880 9071 9816 10736 9995 9245 8716 8173 7984 7504 6878 6741 6698 6682 6831 6953 7117 7171 7180 7039 6630 6213 5535 5386 5397 5066 4721 5265 6070 6231 5788 5524 5348 5400 5608 5726 5786 5945 6175 6197 6141 6021 5947 5973 6009 5952 5638 5499 5432 5309 5158 4902 4634 4394 4647 4411 4174 4025 3975 3979 4360 4711 4648 4469 4508 4629 4946 5103 4916 4944 4882 4692 4465 4241 4476
9122 8956 9166 10085 10931 11844 12416 11176 9963 8522 8086 7664 7436 7355 7355 7355 7472 8022 9146 9819 10613 10122 9297 8627 8516 8259 7973 7322 7147 7170 7168 7205 7283 7390 7419 7411 7277 6804 6315 5822 5821 5844 5615 5144 4951 5705 6291 6411 5925 5708 5604 5617 5820 5890 5974 6255 6383 6477 6521 6571 6499 6383 6053 5795 5611 5525 5403 5279 4895 4794 4751 4720 4424 4360 4125 3986 4022 4230 4553 4810 4734 4572 4623 4940 5235 5369 5287 4999 4736 4478 4254 4533
11383 10686 10527 11496 11946 12755 11986 11071 9796 8519 8249 7912 7518 7417 7391 7403 7618 8189 9017 9590 10177 9836 9280 8795 8747 8527 8227 7556 7676 7691 7612 7674 7673 7805 7627 7603 7277 7194 6914 6211 6315 6260 5992 5777 5533 5332 5602 6408 6422 6142 5920 5871 5829 5939 6129 6383 6548 6738 6836 6980 6806 6639 6235 5868 5704 5502 5426 5215 5243 5086 4921 4798 4562 4389 4100 3986 4023 4176 4536 4804 4904 4747 4864 4992 5448 5343 5005 4859 4715 4491 4358 4426
12490 12351 12457 12964 13844 14127 11742 10602 9291 8916 8499 8039 7659 7560 7445 7477 7753 8479 9180 9753 10427 9831 9119 9178 9177 8835 8425 7980 8231 8125 8049 8135 8068 8128 7977 7795 7783 7646 6930 6785 6836 6828 6530 6238 6298 6132 5802 5463 6529 6843 6509 6232 6096 6078 6169 6474 6682 6884 6998 7030 6956 6732 6547 6109 5955 5852 5527 5573 5594 5391 5108 4908 4563 4291 4141 4121 4149 3999 4356 4756 4992 5097 5132 5207 5295 5083 4845 4771 4736 4621 4517 4359
13103 13012 13091 13996 14943 13602 11066 11053 10603 9569 8685 8213 7801 7729 7653 7819 8509 9154 9823 10386 10775 9445 9264 9344 9427 9174 8770 8448 8444 8432 8426 8436 8434 8387 8169 7966 7680 7221 7243 7143 7167 6994 6613 6417 6510 6406 6282 5946 6241 6566 6853 6590 6367 6276 6228 6446 6682 6920 6995 7016 6991 6740 6576 6420 6249 5944 5783 5809 5731 5540 5354 5112 4599 4299 4294 4307 4359 4162 4072 4589 4936 5216 5275 5277 5081 4880 4822 4886 4868 4778 4605 4414
13589 0 0 0 0 0 12185 11918 11545 10797 9797 8651 8228 8063 8086 8620 9873 10354 10499 10745 10079 9410 9471 9448 9686 9703 9163 8748 8515 8461 8461 8461 8508 8443 8304 8092 7784 7650 7607 7537 7270 6865 6598 6571 6701 6790 6488 6336 6013 6444 6701 6799 6676 6461 6453 6561 6826 6921 6915 6934 6910 6687 6555 6362 6231 6253 6142 6023 5853 5610 5454 5208 4926 4448 4417 4471 4388 4153 3994 4196 4821 5272 5425 5223 4961 4842 4842 4911 4969 4848 4678 4505
0 0 0 0 0 0 0 0 13940 12434 11281 10568 8924 8826 9125 9519 10419 11223 11553 10761 9613 9434 9503 9697 9992 10042 9672 9021 8540 8461 8461 8461 8643 8678 8368 8282 8106 7944 8056 8110 7357 7018 6824 6799 6969 6831 6762 6721 6320 6272 6601 6931 6889 6809 6544 6723 6900 6928 6945 6846 6782 6837 6832 6641 6604 6539 6339 6135 5946 5817 5587 5466 5280 4966 4829 4524 4294 4272 4144 4060 4307 5098 5598 5708 5417 5126 4881 4988 5037 4933 4786 4652
0 0 0 0 0 0 0 0 0 14046 12543 11639 10661 10084 10480 10754 11153 12000 11446 10627 9876 9434 9459 9571 10270 10298 9968 9272 8701 8514 8507 8522 8769 8936 8776 8504 8255 8148 7970 7679 7430 7193 7035 7064 7220 7022 6953 6942 6728 6358 6571 6905 7114 7035 6760 6710 6965 6970 6952 6900 6820 6958 7024 6939 6779 6631 6385 6205 6146 5959 5782 5623 5424 5279 4968 4505 4433 4412 4237 4082 4156 4885 5228 5548 5722 5437 5233 5105 5091 5074 4863 4900
0 0 0 0 0 0 0 0 0 0 0 13652 12412 11951 11709 12011 12371 13194 12021 11605 10532 9828 9785 9909 10428 10449 10199 9508 8976 8561 8522 8578 9104 9314 9230 8927 8483 8343 8227 7939 7688 7518 7344 7436 7555 7386 7221 7105 6951 6445 6660 6921 7047 7056 7082 6892 6979 6967 6972 6986 6897 7056 7174 7149 6977 6782 6586 6444 6340 6187 5984 5775 5560 5403 5095 4599 4603 4488 4275 4176 4143 4553 5032 5447 5812 5785 5682 5492 5243 5212 5139 5108
0 0 0 0 0 0 0 0 0 0 0 15315 15096 15156 14795 14458 13513 12987 12051 11846 11591 11234 10889 10633 10764 10642 10439 9551 9121 8835 8745 8929 9570 9683 9517 9235 8835 8651 8448 8323 7977 7770 7768 7764 7767 7819 7709 7375 7069 6679 6862 7113 7120 7129 7071 7068 7057 7047 7091 7063 6932 7139 7263 7275 7230 7185 6973 6823 6746 6551 6207 5958 5753 5507 5253 4755 4645 4528 4429 4373 4339 4120 4576 5003 5714 6029 6065 5957 5800 5625 5509 5465
0 0 0 0 0 0 0 0 0 0 0 0 15050 14731 14364 14103 13562 12968 12052 11559 11827 12001 11784 11638 10931 10770 10456 9796 9425 9117 9183 9547 9842 9822 9686 9501 9167 8892 8615 8415 8273 8037 7939 7975 7798 7791 7730 7470 7298 6897 7172 7253 7244 7248 7181 7210 7173 7131 7155 7106 6960 7135 7314 7336 7323 7337 7319 7196 7072 6882 6633 6234 5949 5703 5443 4846 4760 4645 4483 4412 4309 4135 4242 4828 5527 6040 6316 6341 6160 5988 6023 6071
0 0 0 0 0 0 0 0 0 0 0 0 14382 13964 13724 13452 13118 12638 11917 11506 11506 11866 11912 11837 11279 10839 10676 10393 9979 9780 9878 10081 10109 10031 9916 9764 9412 9125 8909 8556 8320 8134 7988 8067 7820 7751 7667 7510 7364 7055 7203 7451 7448 7437 7384 7412 7295 7245 7326 7216 7064 7109 7326 7359 7365 7371 7394 7441 7454 7242 6921 6641 6094 5889 5699 5091 4753 4766 4544 4387 4255 4186 4285 4681 5328 5786 6269 6665 6519 6368 6271 6424
0 0 0 0 0 0 0 0 0 0 0 0 0 13789 13046 12465 12392 12337 12162 11853 11506 11674 11884 11701 11474 11283 11199 11022 11001 10932 10860 10768 10563 10150 9867 9797 9408 9091 8948 8787 8542 8216 8016 7909 7818 7750 7649 7517 7357 7239 7192 7325 7423 7563 7501 7523 7518 7373 7418 7416 7233 7144 7216 7369 7397 7402 7422 7476 7549 7589 7371 7041 6561 6109 5872 5348 4997 4683 4484 4368 4279 4236 4283 4768 5253 5678 6278 6818 6967 6845 6779 6749
0 0 0 0 0 0 0 0 0 0 0 0 0 0 0 13386 13298 13054 12764 12284 11833 11470 11597 11615 11590 11532 11452 11514 11521 11246 10990 10730 10335 9939 9771 9591 9192 8950 8781 8619 8436 8225 8013 7903 7783 7666 7564 7512 7450 7330 7186 7358 7402 7429 7509 7564 7568 7462 7466 7456 7344 7263 7184 7336 7430 7431 7436 7535 7595 7692 7604 7264 6861 6350 5957 5448 5245 4921 4773 4485 4390 4281 4262 4480 5173 5621 6225 6808 7310 7363 7167 7072
0 0 0 0 0 0 0 0 0 0 0 0 0 0 0 14004 13782 13361 12798 12607 12308 11552 11339 11388 11366 11307 11241 11211 11158 10962 10757 10469 10148 9716 9488 9247 8953 8707 8533 8359 8223 8105 7933 7809 7746 7644 7555 7519 7471 7304 7192 7413 7452 7459 7507 7537 7542 7494 7481 7437 7426 7316 7331 7374 7549 7488 7512 7615 7682 7745 7721 7543 7048 6592 6058 5561 5370 5165 4835 4577 4565 4288 4302 4431 5135 5582 6234 6813 7353 7634 7552 7483
0 0 0 0 0 0 0 0 0 0 0 0 0 0 0 14046 13748 13298 12683 12395 12298 11593 11071 11126 11132 10853 10819 10742 10627 10501 10299 10030 9689 9412 9092 8941 8559 8387 8216 8001 7900 7856 7807 7721 7661 7621 7570 7541 7462 7249 7249 7448 7488 7511 7515 7521 7520 7514 7500 7489 7500 7465 7441 7424 7575 7550 7618 7745 7828 7784 7841 7731 7240 6858 6298 5762 5458 5270 4828 4755 4708 4264 4253 4468 5106 5689 6388 6817 7134 7658 7925 7942
0 0 0 0 0 0 0 0 0 0 0 0 0 0 0 13475 13338 12956 12426 12070 12054 11676 11121 10903 10811 10415 10256 10083 9947 9705 9682 9559 9418 9150 8905 8661 8383 8175 8032 7877 7808 7805 7720 7667 7637 7583 7563 7540 7428 7307 7268 7445 7538 7550 7540 7536 7540 7534 7533 7535 7561 7568 7460 7491 7582 7581 7673 7866 7991 7903 7802 7816 7346 6956 6446 5847 5524 5242 4794 4682 4562 4246 4414 4492 5079 5677 6614 7017 7103 7557 8013 8071
0 0 0 0 0 0 0 0 0 0 0 0 0 0 0 0 12915 12653 12204 11560 11725 11286 10796 10493 10314 9987 9713 9471 9274 9006 9025 9123 9134 8932 8734 8542 8263 8114 7990 7841 7760 7731 7676 7647 7617 7571 7561 7533 7478 7269 7279 7555 7569 7582 7565 7552 7563 7558 7563 7572 7591 7575 7513 7532 7596 7632 7697 7891 7982 7957 7819 7723 7365 7068 6640 5949 5620 5352 4883 4654 4454 4317 4435 4500 4996 5624 6568 7268 7471 7500 7956 8073
